date,postal_code,latitude,longitude,healthy,sick_guess_no_corona,sick_guess_corona,sick_corona_confirmed,recovered_confirmed,recovered_not_confirmed
2020-05-26,1012,46.5263,6.6569,77,5,4,0,0,6
2020-05-26,1097,46.4933,6.7357,6,0,3,0,0,0
2020-05-26,1009,46.5092,6.662,91,1,9,1,0,10
2020-05-26,1030,46.5532,6.5511,44,0,2,1,0,4
2020-05-26,6612,46.1549,8.7679,2,0,0,0,0,0
2020-05-26,1024,46.5261,6.562,55,1,2,0,0,6
2020-05-26,1066,46.546,6.6737,42,0,4,0,1,4
2020-05-26,1005,46.5199,6.6425,112,5,7,0,1,3
2020-05-26,1092,46.5201,6.6804,28,0,3,2,0,3
2020-05-26,1018,46.5387,6.6286,86,3,5,0,1,5
2020-05-26,1630,46.6203,7.0585,37,0,1,0,0,0
2020-05-26,1615,46.5218,6.8501,2,0,0,0,0,1
2020-05-26,1110,46.5107,6.5,54,1,3,0,1,7
2020-05-26,1136,46.5291,6.4426,4,0,0,0,0,0
2020-05-26,1201,46.2099,6.1442,49,2,5,0,0,5
2020-05-26,1213,46.1856,6.1091,58,2,4,0,0,4
2020-05-26,1907,46.1453,7.1808,9,0,0,0,0,1
2020-05-26,1004,46.5285,6.6187,199,3,18,2,1,25
2020-05-26,1006,46.5108,6.6371,104,1,11,1,1,14
2020-05-26,1010,46.5361,6.6589,71,4,7,1,0,5
2020-05-26,1197,46.3945,6.2499,9,1,1,1,1,1
2020-05-26,2068,47.0136,6.9717,7,0,0,0,0,0
2020-05-26,1164,46.4702,6.4212,2,0,0,0,0,0
2020-05-26,1205,46.1952,6.1436,76,3,2,0,0,6
2020-05-26,1814,46.4536,6.857,38,1,1,1,0,5
2020-05-26,1204,46.2017,6.1447,12,0,1,0,0,2
2020-05-26,1470,46.8285,6.8386,16,0,1,0,0,1
2020-05-26,1806,46.4714,6.884,13,0,3,0,0,3
2020-05-26,1234,46.1723,6.1547,11,0,0,0,0,1
2020-05-26,1053,46.591,6.6418,33,0,5,0,1,5
2020-05-26,2012,46.9778,6.8772,3,1,0,0,0,0
2020-05-26,1091,46.4955,6.7185,21,0,0,1,0,1
2020-05-26,1700,46.8062,7.1628,100,3,6,0,0,9
2020-05-26,1162,46.4813,6.4582,28,0,0,0,0,0
2020-05-26,2300,47.1103,6.8545,46,3,3,0,0,6
2020-05-26,1565,46.8826,6.9619,3,0,0,0,0,0
2020-05-26,1976,46.2439,7.2906,3,0,2,0,0,0
2020-05-26,1081,46.5842,6.7482,4,0,0,0,0,0
2020-05-26,1042,46.6201,6.5991,24,2,1,0,0,1
2020-05-26,2000,46.992,6.9264,35,1,3,1,0,5
2020-05-26,1055,46.6018,6.6807,17,0,4,0,0,1
2020-05-26,1950,46.2334,7.362,27,2,4,0,0,3
2020-05-26,1094,46.506,6.6723,14,1,1,0,0,0
2020-05-26,3422,47.0837,7.579,1,0,0,0,0,0
2020-05-26,1618,46.5288,6.9011,18,1,1,0,0,2
2020-05-26,2035,46.9856,6.8769,4,0,0,0,0,0
2020-05-26,1417,46.7289,6.6406,10,0,0,0,0,0
2020-05-26,1037,46.6001,6.6119,10,0,0,0,1,0
2020-05-26,1052,46.5568,6.6361,56,1,6,1,0,3
2020-05-26,1663,46.578,7.0696,5,0,0,0,0,0
2020-05-26,1090,46.5167,6.7027,16,0,1,0,0,1
2020-05-26,1054,46.5912,6.6266,13,0,1,0,0,2
2020-05-26,1023,46.5562,6.5788,33,0,0,0,0,2
2020-05-26,2013,46.9663,6.862,8,1,1,0,0,1
2020-05-26,1000,46.5535,6.687,28,0,2,1,0,1
2020-05-26,1003,46.52,6.63,68,2,3,1,0,3
2020-05-26,1874,46.1783,6.8703,6,0,0,0,0,0
2020-05-26,1568,46.9179,6.9555,2,0,0,0,0,2
2020-05-26,1206,46.1872,6.1588,41,1,3,1,0,4
2020-05-26,1096,46.4912,6.72,12,0,0,0,0,0
2020-05-26,1020,46.5368,6.5907,62,1,7,1,0,6
2020-05-26,1095,46.5027,6.6864,41,0,7,0,0,1
2020-05-26,1800,46.4591,6.8482,67,4,5,0,0,5
2020-05-26,1122,46.5556,6.5116,2,0,0,0,0,0
2020-05-26,1652,46.6252,7.1108,3,0,0,0,0,0
2020-05-26,1260,46.3808,6.238,65,1,5,0,0,4
2020-05-26,1043,46.6555,6.6709,3,0,0,0,0,0
2020-05-26,1224,46.1977,6.1886,21,0,3,0,0,2
2020-05-26,1613,46.5497,6.871,7,0,0,0,0,0
2020-05-26,1202,46.2214,6.1367,67,6,1,0,1,5
2020-05-26,2017,46.9514,6.8371,11,0,0,0,0,0
2020-05-26,8004,47.378,8.5234,19,0,2,0,0,5
2020-05-26,1072,46.5412,6.7698,8,0,1,0,0,1
2020-05-26,2942,47.4273,7.1287,1,0,0,0,0,0
2020-05-26,1007,46.5178,6.6086,123,3,9,3,0,8
2020-05-26,1022,46.5358,6.5763,31,3,1,0,0,4
2020-05-26,3960,46.288,7.5264,13,1,1,0,0,1
2020-05-26,2902,47.403,7.0811,1,0,0,0,0,0
2020-05-26,1008,46.5436,6.6027,72,1,4,0,0,3
2020-05-26,1027,46.5265,6.5209,10,0,0,0,0,0
2020-05-26,1041,46.6404,6.6864,13,0,3,2,0,0
2020-05-26,1196,46.4237,6.2652,37,0,2,1,1,2
2020-05-26,1226,46.1883,6.1987,18,2,1,0,0,2
2020-05-26,1093,46.5149,6.6862,20,1,1,0,0,1
2020-05-26,1026,46.5281,6.5407,25,0,1,0,0,3
2020-05-26,3006,46.9458,7.4713,5,0,0,0,0,0
2020-05-26,1422,46.8083,6.6436,15,0,1,0,0,0
2020-05-26,1844,46.3963,6.9252,11,0,0,0,0,1
2020-05-26,1373,46.7014,6.5705,27,0,1,0,0,2
2020-05-26,1170,46.4967,6.3921,7,0,1,2,0,2
2020-05-26,1400,46.781,6.6586,110,7,7,0,0,13
2020-05-26,1936,46.0941,7.2196,4,0,4,2,0,3
2020-05-26,1323,46.6935,6.4614,4,1,0,0,0,0
2020-05-26,1290,46.2989,6.1495,19,0,3,1,0,3
2020-05-26,1033,46.5849,6.605,29,2,1,0,0,2
2020-05-26,1893,46.2802,6.9258,2,0,0,0,0,0
2020-05-26,1752,46.791,7.116,29,0,2,0,0,0
2020-05-26,1214,46.2153,6.0865,10,0,0,0,0,1
2020-05-26,1441,46.7989,6.6089,3,0,0,0,0,0
2020-05-26,1284,46.1497,5.9713,6,0,1,0,0,0
2020-05-26,1350,46.7246,6.533,24,1,3,0,0,1
2020-05-26,1112,46.526,6.4986,5,0,0,1,0,1
2020-05-26,6872,45.8759,8.9928,1,0,0,0,0,0
2020-05-26,1233,46.1737,6.0697,29,1,3,0,0,6
2020-05-26,1247,46.2762,6.2229,6,0,1,0,0,1
2020-05-26,1974,46.2723,7.3835,4,0,0,0,0,0
2020-05-26,1203,46.2086,6.1236,76,2,3,1,0,6
2020-05-26,1885,46.3013,7.0435,5,0,0,0,0,0
2020-05-26,1820,46.4261,6.9216,30,2,1,0,0,3
2020-05-26,1252,46.2466,6.2342,2,0,0,0,0,0
2020-05-26,1208,46.1994,6.1659,35,0,3,0,0,1
2020-05-26,1125,46.5285,6.479,1,0,0,1,0,0
2020-05-26,1675,46.6148,6.8471,4,0,0,0,0,0
2020-05-26,1025,46.509,6.56,31,0,4,1,0,5
2020-05-26,1217,46.2283,6.0707,46,4,6,0,0,3
2020-05-26,1207,46.2054,6.1631,35,1,5,0,0,6
2020-05-26,1225,46.1937,6.1919,18,0,0,0,0,3
2020-05-26,1523,46.7599,6.8896,6,0,1,0,1,0
2020-05-26,1269,46.4621,6.2315,5,0,1,1,0,1
2020-05-26,3280,46.9224,7.1065,2,0,2,0,0,1
2020-05-26,1430,46.808,6.5886,5,0,0,0,0,0
2020-05-26,1934,46.0727,7.2165,1,0,0,1,0,1
2020-05-26,1634,46.6964,7.138,3,0,0,0,0,0
2020-05-26,1374,46.7038,6.6,3,0,0,0,0,0
2020-05-26,1031,46.5775,6.5523,8,0,0,0,0,0
2020-05-26,1080,46.5732,6.7515,4,1,0,0,0,0
2020-05-26,6318,47.1003,8.5148,1,0,0,0,0,0
2020-05-26,1227,46.1892,6.1363,46,3,6,0,1,7
2020-05-26,1223,46.2163,6.1812,9,1,1,0,0,0
2020-05-26,8102,47.4084,8.4624,1,0,0,0,0,0
2020-05-26,1773,46.837,7.0219,4,0,0,0,0,0
2020-05-26,1028,46.5184,6.5269,23,1,2,0,0,3
2020-05-26,1426,46.8485,6.7138,3,0,0,0,0,1
2020-05-26,1296,46.3159,6.1931,5,0,1,0,0,1
2020-05-26,1625,46.6371,6.9822,7,0,0,0,0,1
2020-05-26,1315,46.6595,6.5145,17,0,2,0,0,0
2020-05-26,1134,46.5235,6.474,11,0,0,0,0,0
2020-05-26,1696,46.7078,7.0531,1,0,0,0,0,0
2020-05-26,1803,46.4768,6.827,15,0,0,0,1,0
2020-05-26,1637,46.6191,7.1628,13,0,0,0,0,0
2020-05-26,1921,46.0866,7.054,1,0,1,0,0,0
2020-05-26,1040,46.6442,6.6226,39,1,1,1,1,2
2020-05-26,1530,46.8207,6.9378,22,2,0,0,0,3
2020-05-26,1870,46.2299,6.8811,16,0,2,1,0,2
2020-05-26,1802,46.4723,6.8328,10,0,1,0,0,1
2020-05-26,1997,46.1682,7.3052,2,0,1,0,0,0
2020-05-26,1443,46.7877,6.581,4,0,1,0,0,0
2020-05-26,1253,46.2212,6.2026,4,0,0,0,0,0
2020-05-26,1804,46.4702,6.8417,6,0,0,0,0,0
2020-05-26,1113,46.5456,6.4876,1,0,0,0,0,0
2020-05-26,8134,47.3128,8.5223,2,0,0,0,0,0
2020-05-26,1098,46.4911,6.7482,6,0,0,0,0,0
2020-05-26,6982,45.9977,8.8977,1,0,0,0,0,0
2020-05-26,1815,46.442,6.8925,17,1,1,0,0,0
2020-05-26,1638,46.6279,7.0878,3,0,0,0,0,0
2020-05-26,1610,46.5701,6.8165,18,0,0,0,0,2
2020-05-26,1543,46.8719,6.9305,2,0,0,0,0,1
2020-05-26,1410,46.7111,6.7608,8,1,1,0,0,0
2020-05-26,1412,46.7408,6.6619,10,0,1,0,0,1
2020-05-26,2900,47.4159,7.0768,14,0,0,1,0,2
2020-05-26,1822,46.4426,6.9136,12,0,0,0,0,0
2020-05-26,1337,46.7129,6.38,12,0,0,0,0,0
2020-05-26,1180,46.4625,6.3256,13,1,3,0,0,4
2020-05-26,1670,46.6376,6.8446,6,0,1,0,0,0
2020-05-26,1938,46.0267,7.1191,2,0,0,0,0,1
2020-05-26,8037,47.3985,8.5243,5,0,0,0,0,2
2020-05-26,1257,46.1452,6.1364,1,0,0,0,0,1
2020-05-26,1633,46.6573,7.0674,8,0,2,0,0,0
2020-05-26,1880,46.2624,7.0506,14,0,0,0,0,0
2020-05-26,1971,46.2534,7.3798,2,0,0,0,0,1
2020-05-26,1070,46.4939,6.7661,8,0,1,0,0,3
2020-05-26,1955,46.2048,7.2211,3,0,1,0,0,1
2020-05-26,1423,46.8494,6.6394,1,0,0,0,0,2
2020-05-26,1115,46.5742,6.4812,3,0,0,0,0,0
2020-05-26,8005,47.3868,8.5207,10,0,0,0,0,1
2020-05-26,1222,46.2375,6.1997,20,0,0,1,0,3
2020-05-26,2603,47.1949,7.2495,2,0,0,0,0,0
2020-05-26,1669,46.5062,7.0515,8,1,0,0,0,0
2020-05-26,1845,46.3809,6.8986,6,0,0,0,0,0
2020-05-26,1354,46.7327,6.5106,3,0,0,0,0,0
2020-05-26,1303,46.6003,6.5388,10,0,0,0,0,0
2020-05-26,1627,46.6238,6.9932,1,0,0,0,0,0
2020-05-26,1890,46.2012,7.0013,5,0,1,0,0,2
2020-05-26,1082,46.6065,6.7415,4,0,1,0,0,0
2020-05-26,1083,46.5952,6.7712,7,0,0,0,0,0
2020-05-26,1035,46.6038,6.5638,2,0,0,0,0,0
2020-05-26,1896,46.3369,6.8748,8,0,0,0,0,0
2020-05-26,1278,46.3817,6.1503,5,0,0,0,0,0
2020-05-26,1754,46.7867,7.0581,6,0,0,0,0,0
2020-05-26,1297,46.3329,6.1927,9,0,0,0,0,0
2020-05-26,1628,46.6165,7.0191,5,0,0,0,0,0
2020-05-26,2350,47.2557,6.9957,1,0,0,0,0,0
2020-05-26,8003,47.3726,8.5161,18,0,0,0,0,1
2020-05-26,1317,46.6683,6.5256,2,0,0,0,0,0
2020-05-26,2074,47.0093,7.0012,7,0,0,0,0,0
2020-05-26,1228,46.1681,6.1159,19,0,0,0,0,0
2020-05-26,1607,46.5484,6.8227,4,0,1,0,0,3
2020-05-26,1872,46.2298,6.919,4,0,0,0,0,0
2020-05-26,1073,46.5472,6.7417,19,0,1,0,1,3
2020-05-26,1782,46.8284,7.1106,7,0,0,0,0,0
2020-05-26,1288,46.1908,6.0434,4,0,0,0,0,0
2020-05-26,1209,46.2219,6.125,13,0,0,0,0,1
2020-05-26,1011,46.5256,6.6429,0,0,2,0,0,0
2020-05-26,3012,46.9616,7.426,10,0,0,0,0,2
2020-05-26,1304,46.6127,6.5011,16,0,1,1,0,2
2020-05-26,1347,46.614,6.2332,4,0,1,1,0,2
2020-05-26,8006,47.3858,8.5432,11,0,0,0,0,3
2020-05-26,1920,46.1006,7.0738,48,2,6,0,0,6
2020-05-26,1926,46.1382,7.1137,9,0,1,0,0,3
2020-05-26,1941,46.0894,7.1729,2,0,0,1,0,0
2020-05-26,8050,47.4119,8.5508,17,1,1,0,0,2
2020-05-26,1965,46.2508,7.3498,26,0,6,0,0,2
2020-05-26,1757,46.8027,7.0277,3,0,0,0,0,3
2020-05-26,8048,47.3867,8.4839,13,0,0,0,0,2
2020-05-26,8032,47.3667,8.5644,6,0,0,0,0,0
2020-05-26,8049,47.4087,8.5005,3,0,0,0,0,2
2020-05-26,3976,46.2797,7.5024,3,0,0,0,0,1
2020-05-26,3963,46.3142,7.4991,5,0,1,0,0,0
2020-05-26,2072,47.0134,6.9869,2,0,1,0,0,0
2020-05-26,2855,47.3316,7.1998,5,0,0,0,0,0
2020-05-26,1616,46.5108,6.8492,10,0,1,0,0,0
2020-05-26,2802,47.3547,7.2913,2,0,0,0,0,0
2020-05-26,1967,46.2308,7.404,3,0,0,0,0,1
2020-05-26,1251,46.2525,6.2576,4,0,0,0,0,1
2020-05-26,1219,46.2054,6.1015,25,2,3,0,0,3
2020-05-26,7500,46.4984,9.84,1,0,0,0,0,0
2020-05-26,8055,47.3642,8.4903,10,0,0,0,0,0
2020-05-26,1405,46.7593,6.6695,5,0,0,0,0,0
2020-05-26,1285,46.1547,6.0073,9,0,0,0,0,0
2020-05-26,1904,46.1343,7.0387,4,0,0,0,0,0
2020-05-26,8122,47.3567,8.6271,1,0,0,0,0,0
2020-05-26,1032,46.5632,6.6061,14,0,0,0,0,0
2020-05-26,1242,46.2182,6.0314,6,1,0,0,0,0
2020-05-26,1372,46.6854,6.5656,5,0,2,0,0,0
2020-05-26,2932,47.4545,7.0962,2,0,0,0,0,0
2020-05-26,1510,46.6571,6.7889,7,1,0,0,0,1
2020-05-26,1617,46.5269,6.8739,6,0,1,0,0,0
2020-05-26,2800,47.3647,7.3436,24,2,0,0,0,3
2020-05-26,1731,46.7545,7.1463,3,0,0,0,0,0
2020-05-26,8803,47.3093,8.5549,2,0,0,0,0,0
2020-05-26,3008,46.9451,7.4139,4,0,0,0,0,1
2020-05-26,1772,46.8225,7.0564,11,0,0,0,0,1
2020-05-26,1725,46.7623,7.095,5,0,0,0,0,0
2020-05-26,8001,47.3728,8.5414,3,0,0,0,0,0
2020-05-26,1667,46.5663,7.0836,1,0,0,0,0,0
2020-05-26,1723,46.7741,7.1725,15,0,1,1,0,2
2020-05-26,1416,46.6993,6.6725,4,1,0,0,0,1
2020-05-26,1882,46.2735,7.0628,6,0,0,0,1,0
2020-05-26,8752,47.1011,9.0571,1,0,0,0,0,0
2020-05-26,1680,46.6943,6.9357,10,1,0,0,0,0
2020-05-26,1312,46.6525,6.5257,4,0,1,0,0,1
2020-05-26,1661,46.5944,7.0548,1,0,0,0,0,0
2020-05-26,1542,46.8596,6.9167,4,0,0,0,0,0
2020-05-26,1674,46.6475,6.8259,3,0,0,0,0,0
2020-05-26,2950,47.3994,7.1325,10,0,0,0,0,0
2020-05-26,1475,46.8648,6.8838,2,0,0,0,0,0
2020-05-26,1724,46.7396,7.1746,6,1,0,0,0,1
2020-05-26,2087,47.0379,7.021,3,0,0,0,0,0
2020-05-26,1614,46.5247,6.8312,3,0,0,0,0,0
2020-05-26,1306,46.6205,6.5488,4,0,0,1,0,0
2020-05-26,1862,46.3876,7.0896,4,0,0,0,0,0
2020-05-26,8413,47.5286,8.6678,1,0,0,0,0,0
2020-05-26,1483,46.8168,6.8683,3,0,0,0,0,0
2020-05-26,2854,47.3363,7.2445,4,0,0,0,0,0
2020-05-26,5304,47.5367,8.2899,1,0,0,0,0,0
2020-05-26,1823,46.4321,6.9256,2,0,0,0,0,1
2020-05-26,2036,46.9806,6.8697,5,0,0,0,0,0
2020-05-26,1172,46.4789,6.3541,3,0,1,0,0,0
2020-05-26,2517,47.1123,7.1174,1,0,0,0,0,0
2020-05-26,2207,47.0102,6.8626,1,0,0,0,0,0
2020-05-26,1807,46.4659,6.8944,22,0,1,0,0,1
2020-05-26,1805,46.4779,6.8421,4,0,0,0,0,0
2020-05-26,6216,47.1677,8.067,1,0,0,0,0,0
2020-05-26,1038,46.6922,6.7085,14,0,0,0,0,1
2020-05-26,1897,46.3736,6.8641,7,0,0,0,0,1
2020-05-26,1816,46.4544,6.892,3,0,0,0,0,0
2020-05-26,3966,46.2635,7.5009,4,0,0,0,0,0
2020-05-26,1643,46.677,7.0768,2,0,0,0,0,1
2020-05-26,6030,47.0818,8.3402,1,0,0,0,0,0
2020-05-26,4142,47.5137,7.6216,1,0,0,0,0,0
2020-05-26,5453,47.4083,8.3267,1,0,0,0,0,0
2020-05-26,8832,47.1964,8.7353,1,0,0,0,0,0
2020-05-26,5615,47.2948,8.2423,1,0,0,0,0,0
2020-05-26,4933,47.1732,7.7711,1,0,0,0,0,0
2020-05-26,8185,47.4925,8.5545,1,0,0,0,0,0
2020-05-26,8046,47.4222,8.5083,2,1,0,0,0,0
2020-05-26,1218,46.2324,6.124,17,0,0,0,0,2
2020-05-26,1860,46.3173,6.9676,27,0,2,0,0,1
2020-05-26,1588,46.9553,7.0196,2,0,3,0,0,2
2020-05-26,1131,46.5059,6.4739,10,0,0,0,1,3
2020-05-26,1291,46.3202,6.1804,5,0,0,0,0,0
2020-05-26,2525,47.0536,7.065,4,0,0,1,0,0
2020-05-26,1071,46.4773,6.784,10,1,0,0,0,1
2020-05-26,1635,46.6091,7.0662,3,0,0,0,0,1
2020-05-26,1968,46.1952,7.4365,2,0,0,0,0,0
2020-05-26,2822,47.3622,7.3751,2,0,0,0,0,0
2020-05-26,1871,46.2348,6.9573,5,0,0,0,0,2
2020-05-26,1277,46.377,6.1845,0,1,0,0,0,3
2020-05-26,1294,46.2648,6.1576,5,0,0,0,0,1
2020-05-26,2712,47.2442,7.1846,2,0,0,0,0,0
2020-05-26,1121,46.5467,6.5177,4,0,0,0,0,0
2020-05-26,4500,47.2084,7.5397,5,0,0,0,0,0
2020-05-26,2518,47.1123,7.0803,1,0,0,0,0,0
2020-05-26,1852,46.3617,6.9304,5,0,2,0,0,0
2020-05-26,1867,46.3003,6.9957,12,0,2,0,0,2
2020-05-26,3123,46.8909,7.5005,1,0,0,0,0,1
2020-05-26,1808,46.4995,6.8768,6,0,0,0,0,0
2020-05-26,1063,46.6691,6.7285,9,0,0,0,0,1
2020-05-26,3098,46.9202,7.4216,4,0,0,0,0,0
2020-05-26,4056,47.5695,7.5735,6,0,1,0,0,0
2020-05-26,1474,46.8262,6.8094,5,0,0,0,0,0
2020-05-26,1302,46.577,6.5389,9,1,1,0,0,0
2020-05-26,1619,46.5227,6.9441,3,0,0,0,0,1
2020-05-26,1246,46.2625,6.2262,8,0,1,2,1,1
2020-05-26,1728,46.72,7.1007,3,0,0,0,0,0
2020-05-26,2746,47.2842,7.4391,2,0,0,0,0,0
2020-05-26,1128,46.5424,6.4397,2,0,0,0,0,0
2020-05-26,1182,46.4592,6.3003,2,0,0,0,0,2
2020-05-26,1608,46.5772,6.8471,10,0,0,0,0,0
2020-05-26,1376,46.6585,6.594,4,0,1,0,0,1
2020-05-26,1653,46.6161,7.1337,2,0,0,0,0,0
2020-05-26,2903,47.3879,7.0808,1,0,0,0,0,0
2020-05-26,1972,46.2962,7.3966,2,0,0,0,0,0
2020-05-26,2882,47.3426,7.1327,1,0,0,0,0,0
2020-05-26,4442,47.4444,7.8364,1,0,0,0,0,0
2020-05-26,2824,47.3472,7.4131,2,0,0,0,0,0
2020-05-26,1927,46.0897,7.0972,1,0,0,0,0,0
2020-05-26,1884,46.2926,7.0487,10,0,0,0,0,0
2020-05-26,1163,46.4861,6.4206,15,0,1,1,0,0
2020-05-26,8847,47.1613,8.7806,1,0,0,0,0,0
2020-05-26,1925,46.0702,6.9654,1,0,0,0,0,0
2020-05-26,4310,47.5542,7.7927,1,0,0,0,0,0
2020-05-26,2108,46.925,6.6326,2,0,0,0,0,0
2020-05-26,1212,46.1824,6.121,39,1,2,0,1,2
2020-05-26,1895,46.309,6.8996,6,0,0,0,0,0
2020-05-26,2852,47.3404,7.3159,3,0,0,0,0,0
2020-05-26,3622,46.7769,7.6838,1,0,0,0,0,0
2020-05-26,1188,46.5114,6.2861,4,0,0,0,0,1
2020-05-26,6043,47.0706,8.3651,1,0,0,0,0,0
2020-05-26,1586,46.9318,7.0387,2,0,0,0,0,0
2020-05-26,8602,47.4095,8.6465,1,0,0,0,0,0
2020-05-26,1322,46.6943,6.4767,1,0,0,0,0,0
2020-05-26,1963,46.2237,7.2786,5,0,0,0,1,1
2020-05-26,1407,46.7401,6.7139,6,0,0,0,0,0
2020-05-26,1068,46.5342,6.6834,1,1,0,0,0,0
2020-05-26,1220,46.2208,6.1089,10,0,1,0,0,1
2020-05-26,2022,46.9308,6.8156,4,0,0,0,0,1
2020-05-26,2520,47.0645,7.0971,5,0,0,0,0,3
2020-05-26,1744,46.7397,7.0025,2,0,0,0,0,1
2020-05-26,7742,46.372,10.0706,1,0,0,0,0,0
2020-05-26,1527,46.746,6.8686,1,1,0,0,0,0
2020-05-26,1169,46.5186,6.4172,1,0,0,0,0,3
2020-05-26,2720,47.2219,7.1263,2,1,0,0,0,2
2020-05-26,1624,46.5908,6.923,2,0,0,0,0,0
2020-05-26,2830,47.3293,7.3746,7,0,0,0,0,0
2020-05-26,1580,46.87,7.0456,10,0,0,0,0,1
2020-05-26,1293,46.2538,6.1533,12,1,0,0,0,0
2020-05-26,1514,46.6867,6.8111,2,0,0,0,0,0
2020-05-26,4053,47.5383,7.601,6,1,0,0,0,4
2020-05-26,1903,46.1716,7.0339,2,0,0,0,0,0
2020-05-26,1522,46.7074,6.8231,8,1,2,1,0,0
2020-05-26,2088,47.051,7.0357,1,0,0,0,0,0
2020-05-26,1142,46.5816,6.4289,3,0,0,1,0,0
2020-05-26,1937,46.0311,7.1462,2,0,0,0,0,0
2020-05-26,8125,47.348,8.6023,1,0,0,0,0,0
2020-05-26,8706,47.2681,8.6399,6,0,0,0,0,0
2020-05-26,1044,46.6761,6.6812,1,1,0,0,0,0
2020-05-26,1148,46.6291,6.425,12,0,0,0,0,2
2020-05-26,1145,46.5382,6.3334,3,1,0,0,0,2
2020-05-26,2338,47.2391,6.9821,1,0,0,0,0,0
2020-05-26,1029,46.5665,6.5606,4,0,0,0,0,0
2020-05-26,8038,47.3408,8.5321,4,0,0,0,0,0
2020-05-26,5312,47.5701,8.2587,1,0,0,0,0,0
2020-05-26,6405,47.0957,8.4615,1,0,0,0,0,0
2020-05-26,3920,46.0195,7.7467,1,0,0,0,0,1
2020-05-26,1485,46.7841,6.8306,2,0,0,0,0,0
2020-05-26,1034,46.6037,6.5828,6,0,0,0,0,0
2020-05-26,1649,46.7001,7.111,1,0,0,0,0,0
2020-05-26,1305,46.6143,6.5293,11,0,1,0,0,3
2020-05-26,1132,46.5059,6.4653,4,0,0,0,0,0
2020-05-26,1694,46.7124,6.9997,2,0,1,0,0,0
2020-05-26,8600,47.3951,8.6181,5,0,0,0,0,1
2020-05-26,1801,46.4816,6.8302,4,0,0,0,0,0
2020-05-26,3175,46.8904,7.31,1,0,0,0,0,0
2020-05-26,3506,46.9071,7.6417,1,0,0,0,0,0
2020-05-26,3415,47.01,7.6545,1,0,0,0,0,0
2020-05-26,1248,46.3014,6.2445,1,0,0,0,0,1
2020-05-26,6038,47.13,8.4027,2,0,0,0,0,0
2020-05-26,1283,46.1868,5.9975,2,0,0,0,0,0
2020-05-26,1564,46.8648,7.0154,3,1,0,0,0,2
2020-05-26,5430,47.4678,8.3305,2,0,0,0,0,0
2020-05-26,1232,46.174,6.0845,7,0,0,0,0,3
2020-05-26,1406,46.7571,6.6964,3,0,0,0,0,0
2020-05-26,1438,46.7668,6.5673,1,0,0,0,0,0
2020-05-26,1673,46.6,6.8173,9,0,1,0,0,0
2020-05-26,1239,46.2707,6.1208,2,0,0,0,0,0
2020-05-26,5400,47.4726,8.309,4,0,0,0,0,3
2020-05-26,1566,46.8967,6.9842,5,0,1,0,0,0
2020-05-26,6003,47.0501,8.297,3,0,0,0,0,1
2020-05-26,1636,46.605,7.0995,4,0,0,0,0,0
2020-05-26,1273,46.4605,6.2074,3,0,0,0,0,0
2020-05-26,1348,46.5819,6.2102,1,0,0,0,0,0
2020-05-26,1734,46.7704,7.1977,1,0,0,0,0,1
2020-05-26,1241,46.2099,6.2324,4,0,3,0,0,0
2020-05-26,6924,46.0003,8.9348,1,0,0,0,0,0
2020-05-26,1292,46.2407,6.1469,5,0,0,0,0,1
2020-05-26,1076,46.589,6.7857,2,1,0,0,0,0
2020-05-26,1428,46.8866,6.7269,2,0,0,0,0,0
2020-05-26,6595,46.1783,8.888,1,0,0,0,0,0
2020-05-26,1595,46.9041,7.0843,2,0,0,0,0,0
2020-05-26,1435,46.7278,6.5839,1,0,0,0,0,0
2020-05-26,1562,46.8316,6.9612,4,0,0,0,0,0
2020-05-26,1532,46.7971,6.9155,2,0,0,0,0,0
2020-05-26,1730,46.7581,7.0869,3,0,0,0,0,0
2020-05-26,3961,46.1965,7.5945,8,0,0,0,0,0
2020-05-26,1216,46.2244,6.1055,3,0,1,0,0,1
2020-05-26,1258,46.156,6.0877,2,1,2,0,0,0
2020-05-26,1255,46.1668,6.1861,14,1,0,0,0,3
2020-05-26,4532,47.2212,7.5528,1,0,0,0,0,0
2020-05-26,3073,46.9351,7.5093,2,0,0,0,0,0
2020-05-26,1420,46.8263,6.6236,2,0,0,0,0,0
2020-05-26,1933,46.0732,7.144,2,0,0,0,0,0
2020-05-26,1036,46.5943,6.5671,10,1,1,0,0,1
2020-05-26,1279,46.3491,6.1643,3,0,0,0,0,2
2020-05-26,1464,46.7741,6.773,1,0,1,0,0,0
2020-05-26,1923,46.1068,7.0038,4,0,0,0,0,0
2020-05-26,1377,46.6436,6.5783,4,0,0,0,0,0
2020-05-26,1168,46.5104,6.4286,5,0,0,0,0,0
2020-05-26,1244,46.2281,6.2266,6,0,0,1,0,1
2020-05-26,6648,46.1767,8.813,1,0,0,0,0,0
2020-05-26,1274,46.393,6.1971,2,0,0,0,0,1
2020-05-26,1791,46.8708,7.1304,4,0,0,0,0,0
2020-05-26,1243,46.2189,6.2551,1,0,0,0,0,0
2020-05-26,1847,46.3759,6.9186,1,0,0,0,0,0
2020-05-26,3174,46.894,7.3518,1,0,0,0,0,0
2020-05-26,1733,46.7285,7.1376,8,0,0,0,0,0
2020-05-26,1763,46.8251,7.1415,7,0,0,0,0,0
2020-05-26,1245,46.2537,6.204,5,0,4,0,0,0
2020-05-26,1854,46.3416,7.0125,7,0,0,0,0,0
2020-05-26,1964,46.2274,7.3049,6,0,0,0,0,1
2020-05-26,1902,46.1785,7.0236,0,0,1,0,0,1
2020-05-26,1433,46.7225,6.599,6,0,0,0,0,0
2020-05-26,8405,47.4775,8.7783,2,0,0,0,0,0
2020-05-26,3212,46.889,7.179,2,0,0,0,0,0
2020-05-26,1313,46.6584,6.4855,2,0,0,0,0,0
2020-05-26,1528,46.7398,6.8544,1,0,0,0,0,0
2020-05-26,1515,46.7042,6.7934,1,0,0,0,0,0
2020-05-26,3063,46.9753,7.4799,1,0,0,0,0,0
2020-05-26,1254,46.2354,6.266,1,0,0,0,0,1
2020-05-26,1587,46.9228,7.0107,1,1,1,0,0,0
2020-05-26,1147,46.6012,6.3769,5,0,0,0,0,2
2020-05-26,1969,46.1675,7.452,3,0,0,0,0,0
2020-05-26,1307,46.6329,6.526,1,0,1,0,0,0
2020-05-26,1261,46.4864,6.2468,7,0,0,0,0,0
2020-05-26,2540,47.189,7.4072,2,0,0,0,0,0
2020-05-26,3018,46.9339,7.3891,4,0,1,0,0,0
2020-05-26,1256,46.1612,6.1485,4,0,1,0,0,2
2020-05-26,1985,46.0977,7.5162,2,0,0,0,0,0
2020-05-26,1726,46.729,7.0611,5,0,0,0,0,1
2020-05-26,1762,46.8122,7.1266,5,1,1,0,0,1
2020-05-26,1717,46.7913,7.2213,1,0,0,0,0,0
2020-05-26,2738,47.24,7.3322,2,0,0,0,0,0
2020-05-26,1784,46.8691,7.1208,2,0,0,0,0,0
2020-05-26,1262,46.3793,6.2047,0,0,1,0,0,0
2020-05-26,9000,47.4236,9.3622,3,0,0,1,0,1
2020-05-26,1740,46.7679,7.0652,2,0,0,0,0,0
2020-05-26,1846,46.3496,6.8943,1,0,0,0,0,0
2020-05-26,1059,46.634,6.7276,1,0,0,0,0,0
2020-05-26,8106,47.4503,8.4636,1,0,0,0,0,0
2020-05-26,1712,46.8154,7.2176,3,0,0,0,0,0
2020-05-26,3013,46.9562,7.4462,2,0,0,0,0,0
2020-05-26,1932,46.0778,7.081,1,0,0,0,0,0
2020-05-26,8700,47.3169,8.5835,3,0,1,0,0,0
2020-05-26,6962,46.011,8.9671,1,0,0,0,0,0
2020-05-26,8610,47.3459,8.7169,4,0,0,0,0,0
2020-05-26,1683,46.6762,6.8457,3,0,0,0,0,0
2020-05-26,1868,46.2606,6.9403,4,0,2,0,0,1
2020-05-26,1268,46.4529,6.2554,5,0,1,0,0,0
2020-05-26,1545,46.8876,6.9072,1,0,1,0,0,0
2020-05-26,1677,46.6381,6.8745,3,0,0,0,0,0
2020-05-26,1584,46.9055,6.99,1,0,0,0,0,0
2020-05-26,1966,46.275,7.4088,4,0,0,0,0,2
2020-05-26,3186,46.846,7.1907,1,0,0,0,0,1
2020-05-26,1173,46.4812,6.3699,0,0,0,0,0,1
2020-05-26,3971,46.2806,7.4782,1,0,1,0,0,0
2020-05-26,1183,46.4531,6.2899,3,0,0,0,0,0
2020-05-26,8180,47.5171,8.5409,2,0,0,0,1,2
2020-05-26,6370,46.9585,8.3716,1,0,0,0,0,0
2020-05-26,2742,47.2747,7.3419,2,0,0,0,0,0
2020-05-26,6390,46.8162,8.4037,4,0,0,0,0,1
2020-05-26,1943,45.99,7.1255,0,0,0,0,0,1
2020-05-26,2908,47.3917,6.9397,1,0,0,0,0,0
2020-05-26,1898,46.3926,6.804,1,0,0,0,0,0
2020-05-26,1267,46.4265,6.2445,3,0,0,1,0,0
2020-05-26,1231,46.1844,6.1766,1,0,0,0,0,0
2020-05-26,1185,46.4709,6.337,6,0,0,0,0,0
2020-05-26,1286,46.1448,6.0431,1,0,0,0,0,0
2020-05-26,1945,45.9985,7.1744,1,0,0,0,0,0
2020-05-26,1299,46.3559,6.2064,4,0,0,0,0,0
2020-05-26,8044,47.3819,8.5877,3,0,0,0,0,0
2020-05-26,8057,47.3999,8.5474,9,0,1,0,0,1
2020-05-26,8045,47.3516,8.5057,6,0,0,0,0,1
2020-05-26,8052,47.4245,8.5406,5,0,0,0,0,0
2020-05-26,6300,47.1543,8.5247,2,0,3,0,0,0
2020-05-26,8154,47.4766,8.5207,2,0,0,0,0,0
2020-05-26,8307,47.4314,8.7032,1,0,0,0,0,0
2020-05-26,4600,47.351,7.8986,1,0,0,0,0,1
2020-05-26,1174,46.4964,6.3568,1,0,0,0,0,0
2020-05-26,8400,47.4916,8.7295,3,1,1,0,0,0
2020-05-26,8051,47.3997,8.5788,6,0,0,0,0,2
2020-05-26,1626,46.6512,6.9609,0,0,1,0,0,0
2020-05-26,8843,47.0417,8.7865,1,0,0,0,0,0
2020-05-26,1994,46.2067,7.316,1,0,0,0,0,0
2020-05-26,1453,46.8431,6.5858,6,0,0,0,0,0
2020-05-26,8806,47.2039,8.7327,1,0,0,0,0,0
2020-05-26,8064,47.3987,8.4852,1,0,0,0,0,0
2020-05-26,1144,46.5547,6.3741,1,1,0,0,0,0
2020-05-26,6004,47.0603,8.298,2,0,0,0,0,0
2020-05-26,8708,47.2547,8.6938,3,0,0,0,0,0
2020-05-26,1442,46.793,6.6123,3,0,0,0,0,0
2020-05-26,3052,46.9929,7.4614,1,1,0,0,0,0
2020-05-26,1452,46.8292,6.5402,1,0,0,0,0,0
2020-05-26,1450,46.8188,6.5115,17,0,0,0,0,0
2020-05-26,1358,46.7519,6.5193,5,0,0,0,0,0
2020-05-26,1436,46.7763,6.608,6,0,1,0,0,0
2020-05-26,1189,46.5143,6.3303,2,0,0,0,0,0
2020-05-26,1609,46.5831,6.8768,3,0,0,0,0,0
2020-05-26,1325,46.6892,6.3904,2,0,1,0,0,0
2020-05-26,1454,46.8299,6.4728,4,0,0,1,0,0
2020-05-26,1338,46.7292,6.4148,4,0,0,0,0,0
2020-05-26,8640,47.2209,8.8112,2,0,0,0,0,0
2020-05-26,1266,46.409,6.233,3,0,0,0,0,0
2020-05-26,8645,47.2291,8.8365,2,1,0,0,0,0
2020-05-26,3608,46.7399,7.5988,1,0,0,0,0,0
2020-05-26,1612,46.5457,6.8623,1,0,0,0,0,0
2020-05-26,1061,46.6473,6.7294,0,0,1,0,0,0
2020-05-26,3423,47.0956,7.5927,1,0,0,0,0,0
2020-05-26,8546,47.5492,8.8337,1,0,0,0,0,0
2020-05-26,1077,46.5781,6.7853,4,0,0,0,0,1
2020-05-26,1699,46.6002,6.8678,2,0,0,0,0,0
2020-05-26,2054,47.074,6.9348,4,0,0,0,0,0
2020-05-26,1906,46.1235,7.1298,1,0,0,0,0,0
2020-05-26,1947,46.061,7.2388,1,0,1,0,0,1
2020-05-26,1533,46.7842,6.8814,1,0,0,0,0,0
2020-05-26,2016,46.9429,6.8463,8,0,0,0,0,0
2020-05-26,4051,47.5542,7.5867,1,0,0,0,0,0
2020-05-26,1143,46.5523,6.4286,5,0,0,0,0,0
2020-05-26,1404,46.7759,6.6929,2,0,1,0,0,2
2020-05-26,1482,46.8149,6.8931,2,0,3,0,0,0
2020-05-26,8302,47.4525,8.5844,1,0,0,0,0,0
2020-05-26,2916,47.4179,6.9492,1,0,0,0,0,0
2020-05-26,2014,46.9662,6.8401,1,0,0,0,0,1
2020-05-26,4538,47.2601,7.6568,1,0,0,0,0,0
2020-05-26,8047,47.3739,8.487,3,0,0,0,0,0
2020-05-26,2114,46.9013,6.5818,1,1,0,0,0,0
2020-05-26,4704,47.2716,7.6809,1,0,0,0,0,0
2020-05-26,2544,47.2034,7.4297,1,0,0,0,0,0
2020-05-26,4513,47.2217,7.5146,1,0,0,0,0,0
2020-05-26,2735,47.2432,7.2871,10,0,0,0,0,0
2020-05-26,3072,46.9577,7.4977,1,0,1,0,0,0
2020-05-26,4702,47.2873,7.7238,1,0,0,0,0,0
2020-05-26,8008,47.3559,8.563,4,0,0,0,0,0
2020-05-26,1116,46.5726,6.4545,1,0,0,0,0,0
2020-05-26,3715,46.4929,7.5588,1,0,0,0,0,0
2020-05-26,2316,47.0051,6.7417,1,0,0,0,0,2
2020-05-26,1427,46.84,6.6724,1,0,0,0,0,0
2020-05-26,1899,46.3152,6.8787,3,0,0,0,0,0
2020-05-26,4466,47.4694,7.8741,0,0,0,0,0,1
2020-05-26,8800,47.2902,8.5692,3,0,0,0,0,0
2020-05-26,1446,46.7909,6.5183,4,0,0,0,0,0
2020-05-26,1124,46.5852,6.5084,2,0,1,0,0,1
2020-05-26,8902,47.3827,8.4238,0,0,0,0,0,1
2020-05-26,8953,47.4049,8.4037,6,0,0,0,0,0
2020-05-26,8903,47.3517,8.4412,2,0,0,0,0,0
2020-05-26,2608,47.1753,7.0924,1,0,0,0,0,0
2020-05-26,6005,47.0292,8.3276,1,0,0,0,0,0
2020-05-26,8404,47.5233,8.7573,3,0,0,0,0,0
2020-05-26,1552,46.7703,6.9259,1,0,0,0,0,1
2020-05-26,8715,47.2194,8.8943,1,0,0,0,0,0
2020-05-26,8882,47.1141,9.2554,1,0,0,0,0,0
2020-05-26,4410,47.4854,7.7211,1,0,0,0,0,0
2020-05-26,1873,46.1998,6.8655,0,1,0,0,0,0
2020-05-26,1832,46.4565,6.9224,1,0,0,1,1,1
2020-05-26,6900,46.0024,8.9454,3,0,0,0,0,1
2020-05-26,2827,47.3381,7.5275,0,0,0,0,0,1
2020-05-26,8952,47.3966,8.4458,2,0,0,0,0,2
2020-05-26,3293,47.1209,7.3434,1,0,0,0,0,0
2020-05-26,4057,47.5761,7.5997,5,1,0,0,0,0
2020-05-26,1695,46.7147,7.0245,1,0,0,0,0,0
2020-05-26,7457,46.4681,9.6506,1,0,0,0,0,0
2020-05-26,3978,46.2698,7.4539,1,0,0,0,0,0
2020-05-26,1318,46.6663,6.5112,2,0,0,0,0,0
2020-05-26,2612,47.1729,7.0541,2,0,0,0,0,0
2020-05-26,1176,46.5074,6.3867,2,0,0,0,0,1
2020-05-26,1237,46.1695,6.0,2,0,1,0,0,0
2020-05-26,4102,47.5392,7.5775,1,0,0,0,0,0
2020-05-26,1541,46.8394,6.8908,3,0,0,0,0,0
2020-05-26,8152,47.4298,8.5691,4,0,0,0,0,0
2020-05-26,1554,46.7422,6.9276,2,0,0,0,0,0
2020-05-26,5085,47.5343,8.0976,1,0,0,0,0,0
2020-05-26,5235,47.5071,8.2091,1,0,0,0,0,0
2020-05-26,1326,46.6913,6.4489,4,0,0,0,0,0
2020-05-26,1308,46.618,6.4729,1,0,0,0,0,0
2020-05-26,1413,46.7214,6.6837,1,0,0,0,0,0
2020-05-26,1295,46.3071,6.1736,4,0,0,0,0,3
2020-05-26,2616,47.1227,6.9112,1,1,0,0,0,0
2020-05-26,1276,46.4095,6.1797,1,0,0,0,0,0
2020-05-26,5432,47.4457,8.3237,2,0,0,0,0,0
2020-05-26,6850,45.8708,8.9892,1,0,0,0,0,0
2020-05-26,1690,46.7175,6.9506,2,0,0,0,0,0
2020-05-26,2034,46.9873,6.8886,5,0,0,0,0,0
2020-05-26,2925,47.4794,7.0284,2,0,0,0,0,0
2020-05-26,1720,46.8077,7.0903,2,0,0,0,0,1
2020-05-26,2825,47.3473,7.4514,4,0,0,0,0,0
2020-05-26,2826,47.3481,7.478,1,0,0,0,0,0
2020-05-26,1977,46.2907,7.4385,1,0,0,0,0,0
2020-05-26,2905,47.4087,7.0425,1,0,0,0,0,0
2020-05-26,8344,47.3375,8.8558,1,0,0,0,0,1
2020-05-26,1425,46.8385,6.6861,3,0,0,0,0,0
2020-05-26,1058,46.627,6.7044,3,0,0,0,0,0
2020-05-26,3904,46.3267,7.9838,2,1,0,0,0,0
2020-05-26,1321,46.6932,6.5192,4,1,0,0,0,0
2020-05-26,8604,47.3891,8.6914,0,0,0,0,0,1
2020-05-26,1962,46.2263,7.3188,1,0,1,0,0,0
2020-05-26,8964,47.3683,8.3792,2,0,0,0,0,1
2020-05-26,1824,46.4327,6.9386,1,0,0,0,0,0
2020-05-26,3047,46.9785,7.4343,1,0,0,0,0,0
2020-05-26,4444,47.4258,7.8535,1,1,0,0,0,0
2020-05-26,1975,46.2387,7.3029,1,0,0,0,0,0
2020-05-26,3007,46.9392,7.4346,5,0,0,0,0,2
2020-05-26,2058,47.0984,6.9868,1,0,0,0,0,0
2020-05-26,8304,47.4127,8.5918,2,0,0,0,0,0
2020-05-26,6315,47.1269,8.6278,2,0,0,0,0,0
2020-05-26,3932,46.2581,7.9008,0,0,0,0,0,1
2020-05-26,5000,47.389,8.0487,5,0,0,0,0,0
2020-05-26,5408,47.4806,8.324,2,0,0,0,0,0
2020-05-26,1817,46.4576,6.9014,3,1,0,0,0,0
2020-05-26,5405,47.4544,8.2859,1,0,0,0,0,0
2020-05-26,1432,46.7468,6.6297,4,0,0,0,0,1
2020-05-26,1424,46.8305,6.6582,4,0,0,0,0,1
2020-05-26,8810,47.2595,8.5974,1,0,0,0,0,1
2020-05-26,5034,47.3732,8.0761,2,0,0,0,0,0
2020-05-26,9010,47.4422,9.3717,1,0,0,0,0,0
2020-05-26,8002,47.3605,8.5315,6,0,0,0,0,1
2020-05-26,6512,46.1739,9.0034,1,0,0,0,0,0
2020-05-26,1853,46.3309,6.9609,4,1,0,0,0,0
2020-05-26,3626,46.7452,7.6513,1,0,0,0,0,0
2020-05-26,3603,46.762,7.6001,1,0,0,0,0,0
2020-05-26,7270,46.7933,9.8221,1,0,0,0,0,0
2020-05-26,3925,46.1953,7.8384,1,0,0,0,0,0
2020-05-26,6855,45.8507,8.9385,2,0,1,0,0,0
2020-05-26,6205,47.153,8.1696,1,0,0,0,0,0
2020-05-26,6500,46.197,9.0355,2,0,0,0,0,0
2020-05-26,6573,46.1476,8.8568,1,0,0,0,0,0
2020-05-26,1912,46.1885,7.1963,6,0,0,0,0,0
2020-05-26,4663,47.3208,7.8993,2,0,0,0,0,0
2020-05-26,1721,46.858,7.0822,4,0,0,0,0,0
2020-05-26,9008,47.4418,9.3919,1,0,0,0,0,0
2020-05-26,9403,47.4734,9.4648,0,0,0,1,0,0
2020-05-26,5242,47.4401,8.2017,1,0,0,0,0,0
2020-05-26,8834,47.1744,8.7127,0,0,0,0,0,1
2020-05-26,3005,46.9394,7.4499,1,0,0,0,0,0
2020-05-26,1738,46.7131,7.3534,1,0,0,0,0,0
2020-05-26,1929,46.056,6.9947,1,0,0,0,0,0
2020-05-26,1753,46.7864,7.0963,12,0,0,0,0,0
2020-05-26,2560,47.125,7.2406,2,0,0,0,0,1
2020-05-26,8212,47.6759,8.6126,2,0,0,0,0,0
2020-05-26,1984,46.0895,7.506,3,0,0,0,0,0
2020-05-26,8424,47.5012,8.5952,0,0,0,0,0,1
2020-05-26,2740,47.2805,7.3722,11,0,0,0,0,0
2020-05-26,8703,47.3023,8.5916,1,0,0,0,0,0
2020-05-26,1795,46.8912,7.1111,2,0,0,0,0,1
2020-05-26,4054,47.5505,7.5689,3,0,0,0,0,1
2020-05-26,4103,47.5258,7.5745,2,0,0,0,0,0
2020-05-26,4058,47.5677,7.6135,2,0,0,0,0,1
2020-05-26,3014,46.9622,7.4584,2,0,0,0,0,0
2020-05-26,1264,46.4479,6.1588,4,0,0,0,0,0
2020-05-26,3999,46.5346,8.3484,0,1,0,0,0,0
2020-05-26,2052,47.0643,6.8785,2,0,0,0,0,0
2020-05-26,1913,46.1809,7.1533,4,0,0,0,0,0
2020-05-26,8108,47.4399,8.4394,2,0,0,0,0,0
2020-05-26,4104,47.5137,7.554,3,0,0,0,0,0
2020-05-26,8910,47.2792,8.4489,1,0,0,0,0,0
2020-05-26,3600,46.7555,7.6237,0,0,0,0,0,1
2020-05-26,3550,46.9419,7.7851,0,0,0,0,0,1
2020-05-26,3032,46.9679,7.3775,2,0,0,0,0,0
2020-05-26,6946,46.0931,9.0076,1,0,0,0,0,0
2020-05-26,2743,47.2756,7.3988,2,0,0,0,0,0
2020-05-26,6375,46.9651,8.4687,0,0,0,0,0,1
2020-05-26,3902,46.3108,7.9781,1,0,0,0,0,0
2020-05-26,8553,47.5762,8.9891,1,0,0,0,0,0
2020-05-26,4132,47.521,7.6545,1,0,0,0,0,0
2020-05-26,8165,47.5006,8.4052,3,0,0,0,0,0
2020-05-26,8127,47.3254,8.6482,3,0,0,0,0,0
2020-05-26,5033,47.3892,8.0713,0,0,1,0,0,0
2020-05-26,3183,46.8518,7.3191,1,0,0,0,0,0
2020-05-26,6600,46.1743,8.7898,1,0,0,0,0,1
2020-05-26,8184,47.5036,8.5464,1,0,0,0,0,0
2020-05-26,8580,47.5505,9.2908,1,0,0,0,0,0
2020-05-26,5313,47.5809,8.2498,1,0,0,0,0,0
2020-05-26,8260,47.6589,8.8602,4,0,0,0,0,0
2020-05-26,6317,47.1478,8.5071,1,0,0,0,0,0
2020-05-26,6942,46.0238,8.9515,1,0,0,0,0,0
2020-05-26,5737,47.2395,8.1864,1,0,0,0,0,0
2020-05-26,3097,46.9297,7.4158,5,0,0,0,0,0
2020-05-26,4934,47.1674,7.7994,1,0,0,0,0,0
2020-05-26,1958,46.2533,7.4161,5,0,0,0,1,1
2020-05-26,9493,47.2203,9.5438,0,0,1,0,0,0
2020-05-26,3122,46.9126,7.4735,1,0,0,0,0,0
2020-05-26,8623,47.3323,8.8214,0,1,0,0,0,0
2020-05-26,1463,46.7845,6.7652,1,0,0,0,0,0
2020-05-26,1462,46.7982,6.7451,6,1,0,0,0,0
2020-05-26,1718,46.7683,7.2408,1,0,0,0,0,0
2020-05-26,6067,46.8339,8.2928,1,0,0,0,0,0
2020-05-26,6015,47.0637,8.2779,0,1,0,0,0,0
2020-05-26,4313,47.5617,7.8434,0,0,0,0,0,1
2020-05-26,3294,47.1393,7.3577,1,0,0,0,0,0
2020-05-26,1084,46.6048,6.7752,7,1,0,0,0,1
2020-05-26,3184,46.8746,7.2752,0,1,0,0,0,0
2020-05-26,3400,47.0565,7.6247,0,0,0,0,0,1
2020-05-26,9436,47.4074,9.6063,1,0,0,0,0,1
2020-05-26,9043,47.4083,9.4654,2,0,0,0,0,0
2020-05-26,8854,47.1792,8.8857,2,0,0,0,0,0
2020-05-26,4450,47.4708,7.816,0,0,0,0,0,1
2020-05-26,4153,47.4927,7.5905,1,0,0,0,0,0
2020-05-26,1270,46.4132,6.2039,2,0,0,0,0,0
2020-05-26,9306,47.4863,9.3973,1,0,0,0,0,0
2020-05-26,8041,47.3361,8.5157,1,0,0,0,0,0
2020-05-26,2502,47.142,7.2457,6,0,0,1,0,1
2020-05-26,8172,47.4875,8.5035,1,0,0,0,0,0
2020-05-26,5507,47.4182,8.2814,1,0,0,0,0,0
2020-05-26,8606,47.3676,8.6852,2,0,0,0,0,1
2020-05-26,5300,47.4907,8.2537,1,0,0,0,0,0
2020-05-26,5200,47.4851,8.2069,1,0,0,0,0,0
2020-05-26,3770,46.552,7.3718,0,0,0,0,0,1
2020-05-26,3067,46.9535,7.5476,0,0,0,0,0,1
2020-05-26,9320,47.5164,9.4175,1,0,0,0,0,0
2020-05-26,6312,47.196,8.4852,1,0,0,0,0,0
2020-05-26,5604,47.3859,8.217,1,0,0,0,0,0
2020-05-26,8965,47.3516,8.3768,1,0,0,0,0,0
2020-05-26,8355,47.4914,8.8977,1,0,0,0,0,0
2020-05-26,8311,47.4741,8.6742,1,0,0,0,0,0
2020-05-26,6006,47.053,8.3444,3,0,0,0,0,0
2020-05-26,3084,46.9286,7.4495,2,0,0,0,0,0
2020-05-26,1991,46.2112,7.3514,0,0,0,0,0,2
2020-05-26,1957,46.2104,7.2526,3,0,0,0,0,0
2020-05-26,2923,47.4587,7.0456,4,0,0,0,0,0
2020-05-26,1166,46.4676,6.3654,4,0,0,0,0,0
2020-05-26,8835,47.1877,8.7478,1,0,0,0,0,0
2020-05-26,1085,46.6217,6.7967,2,0,0,0,0,0
2020-05-26,1421,46.8369,6.6128,0,0,1,0,0,1
2020-05-26,1865,46.3498,7.1572,4,0,0,0,0,0
2020-05-26,1344,46.6501,6.3196,0,0,0,0,0,1
2020-05-26,1263,46.3743,6.1638,2,0,0,0,0,0
2020-05-26,1418,46.6872,6.6482,26,0,0,0,0,3
2020-05-26,1833,46.4531,6.9428,1,0,0,0,0,0
2020-05-26,1175,46.5005,6.4047,7,0,0,0,0,2
2020-05-26,1434,46.7451,6.6085,2,0,0,0,0,0
2020-05-26,1186,46.4931,6.3179,1,0,0,0,0,0
2020-05-26,2340,47.2265,6.9575,3,0,0,0,0,0
2020-05-26,2926,47.4964,7.0132,3,0,0,0,0,0
2020-05-26,2853,47.3326,7.2763,2,0,0,0,0,0
2020-05-26,2503,47.1317,7.2586,4,0,0,0,0,0
2020-05-26,1408,46.7353,6.7402,2,0,0,0,0,0
2020-05-26,2718,47.2792,7.1492,1,0,0,0,0,0
2020-05-26,1891,46.2105,6.9884,1,0,0,0,0,0
2020-05-26,1536,46.7494,6.8092,1,0,0,0,0,0
2020-05-26,3968,46.3024,7.537,1,0,0,0,0,0
2020-05-26,6926,45.9821,8.9172,1,0,0,0,0,0
2020-05-26,1659,46.4855,7.1944,2,1,0,0,0,0
2020-05-26,2053,47.0615,6.9046,2,0,0,0,0,1
2020-05-26,1996,46.1875,7.3019,2,0,1,0,0,0
2020-05-26,1786,46.9619,7.1128,5,0,0,0,0,0
2020-05-26,1272,46.4347,6.2179,3,0,0,0,0,0
2020-05-26,1863,46.3618,7.0517,2,0,0,0,0,0
2020-05-26,3919,46.4204,7.8194,1,0,0,0,0,0
2020-05-26,1526,46.7265,6.8327,2,0,0,0,0,0
2020-05-26,1078,46.5624,6.7891,1,0,0,0,0,0
2020-05-26,1346,46.6222,6.2743,2,0,1,0,0,0
2020-05-26,1298,46.349,6.1852,1,0,0,0,0,0
2020-05-26,3973,46.3077,7.532,1,0,0,0,0,0
2020-05-26,1660,46.4447,7.1226,2,0,0,0,0,0
2020-05-26,3185,46.8563,7.2495,1,0,0,0,0,0
2020-05-26,4302,47.5325,7.72,1,0,0,0,0,0
2020-05-26,2535,47.1695,7.2574,1,0,0,0,0,0
2020-05-26,3965,46.2806,7.5402,1,0,0,0,0,0
2020-05-26,2314,47.0394,6.7997,1,0,0,0,0,0
2020-05-26,3967,46.2575,7.5331,1,0,0,0,0,0
2020-05-26,1856,46.3502,6.9625,2,0,0,0,0,0
2020-05-26,1046,46.6934,6.6919,1,0,0,0,0,0
2020-05-26,3436,46.9758,7.7413,0,0,0,0,1,0
2020-05-26,1352,46.7183,6.5068,1,0,0,0,0,0
2020-05-26,1875,46.2372,6.8575,1,0,0,0,0,0
2020-05-26,2318,46.9792,6.746,1,0,0,0,0,0
2020-05-26,2024,46.8956,6.7736,2,0,0,0,0,0
2020-05-26,1727,46.7431,7.0896,1,0,0,0,0,0
2020-05-26,1195,46.4339,6.2995,2,0,0,0,0,1
2020-05-26,2710,47.2215,7.1974,6,0,0,0,0,0
2020-05-26,3954,46.3794,7.6293,1,0,0,0,0,0
2020-05-26,1869,46.2426,6.9896,1,0,0,0,0,0
2020-05-26,1911,46.2026,7.1769,2,0,0,0,0,0
2020-05-26,8603,47.3798,8.6521,1,0,0,0,0,0
2020-05-26,1275,46.4007,6.1751,3,0,0,0,0,0
2020-05-26,1123,46.5677,6.5098,0,0,0,0,0,2
2020-05-26,1678,46.6579,6.8801,2,0,0,0,0,0
2020-05-26,1316,46.6423,6.477,4,0,0,0,0,0
2020-05-26,2406,46.9721,6.5901,1,0,0,0,0,0
2020-05-26,5605,47.3837,8.241,0,0,1,0,0,0
2020-05-26,1509,46.6225,6.7739,3,0,0,0,0,0
2020-05-26,1141,46.5759,6.438,1,0,0,0,0,0
2020-05-26,1789,46.9503,7.0702,2,0,0,0,0,0
2020-05-26,1946,45.9496,7.2126,0,0,0,0,0,1
2020-05-26,1658,46.4676,7.0653,2,0,0,0,0,0
2020-05-26,1439,46.7612,6.5309,1,0,0,0,0,0
2020-05-26,3210,46.9761,7.1964,1,0,0,0,0,0
2020-05-26,2563,47.1173,7.2352,1,0,0,0,0,0
2020-05-26,1735,46.7611,7.2104,1,0,0,0,0,0
2020-05-26,1375,46.682,6.6035,2,0,0,0,1,0
2020-05-26,2400,47.048,6.7258,4,0,1,0,0,0
2020-05-26,1265,46.4637,6.0754,0,0,0,0,0,1
2020-05-26,2732,47.2413,7.2225,4,0,0,0,0,0
2020-05-26,1961,46.2102,7.438,1,0,0,0,0,0
2020-05-26,4553,47.1967,7.6228,1,0,0,0,0,0
2020-05-26,8915,47.2424,8.5349,1,0,0,0,0,0
2020-05-26,2126,46.9051,6.479,1,0,0,0,0,0
2020-05-26,1535,46.7619,6.8182,1,0,0,0,0,0
2020-05-26,1714,46.8299,7.2987,1,0,0,0,0,0
2020-05-26,5314,47.5692,8.2465,1,0,0,0,0,0
2020-05-26,3027,46.9558,7.3873,2,0,0,0,0,0
2020-05-26,1787,46.946,7.0688,1,0,0,0,0,0
2020-05-26,2067,47.0284,6.9565,1,0,0,0,0,0
2020-05-26,1415,46.7536,6.7525,1,0,0,0,0,0
2020-05-26,1892,46.211,7.0246,1,0,0,0,0,0
2020-05-26,2615,47.1305,6.9556,1,0,0,0,0,0
2020-05-26,8908,47.2979,8.4503,1,0,0,0,0,0
2020-05-26,9500,47.4537,9.0515,1,0,0,0,0,0
2020-05-26,8808,47.2004,8.778,2,0,0,0,0,0
2020-05-26,1355,46.7526,6.4946,1,0,0,0,0,0
2020-05-26,1987,46.1805,7.4045,1,0,0,0,0,0
2020-05-26,8153,47.4517,8.5327,1,0,0,0,0,0
2020-05-26,5032,47.402,8.0853,0,1,0,0,0,0
2020-05-26,1353,46.7031,6.4989,1,0,0,0,0,0
2020-05-26,8707,47.2618,8.6769,1,0,0,0,0,0
2020-05-26,8132,47.3033,8.6878,1,0,0,0,0,0
2020-05-26,8942,47.277,8.5767,1,0,0,0,0,0
2020-05-26,3065,46.975,7.4963,1,0,0,0,0,0
2020-05-26,9430,47.4539,9.6259,0,0,0,0,0,1
2020-05-26,3236,47.0146,7.0592,2,0,0,0,0,0
2020-05-26,9100,47.3859,9.2795,1,0,0,0,0,0
2020-05-26,3705,46.6761,7.7026,1,0,0,0,0,0
2020-05-26,6928,46.0345,8.9187,1,0,0,0,0,0
2020-05-26,8570,47.5681,9.1113,2,0,0,0,0,0
2020-05-26,4528,47.2044,7.5625,1,0,0,0,0,0
2020-05-26,3074,46.9284,7.4885,0,0,0,0,0,1
2020-05-26,8735,47.2522,8.9792,1,0,0,0,0,0
2020-05-26,5504,47.4021,8.2101,1,0,0,0,0,0
2020-05-26,9016,47.4415,9.4141,2,0,0,0,0,0
2020-05-26,8306,47.4232,8.6297,1,0,0,0,0,0
2020-05-26,8877,47.1129,9.216,0,0,0,0,0,1
2020-05-26,8919,47.3144,8.3659,1,0,0,0,0,0
2020-05-26,4123,47.5506,7.5356,1,0,0,0,0,0
2020-05-26,1611,46.6089,6.9101,0,0,0,0,0,1
2020-05-26,9323,47.5026,9.4402,1,0,0,0,0,0
2020-05-26,6203,47.1146,8.193,1,0,0,0,0,0
2020-05-26,8303,47.4443,8.6278,1,0,0,0,0,0
2020-05-26,8457,47.5756,8.6696,1,0,0,0,0,0
2020-05-26,1928,46.0972,7.046,1,0,0,0,0,0
2020-05-26,8280,47.6447,9.1732,1,0,0,0,0,0
2020-05-26,6130,47.1199,7.9897,1,0,0,0,0,0
2020-05-26,8458,47.5717,8.648,1,0,0,0,0,0
2020-05-26,2605,47.1951,7.1686,2,0,0,0,0,0
2020-05-26,6576,46.1231,8.7853,1,0,0,0,0,0
2020-05-26,3665,46.7705,7.5049,0,0,0,0,0,1
2020-05-26,3977,46.2595,7.4646,1,0,0,0,0,0
2020-05-26,1632,46.6415,7.0612,0,0,0,0,0,1
2020-05-26,2610,47.157,7.0039,2,0,0,0,0,1
2020-05-26,8493,47.3911,8.8535,1,0,0,0,0,0
2020-05-26,2208,47.0484,6.8736,1,0,0,0,0,0
2020-05-26,1512,46.6571,6.8084,0,0,0,1,0,0
2020-05-26,2065,47.0474,6.9534,1,0,0,0,0,0
2020-05-26,2516,47.1174,7.1364,1,0,0,0,0,0
2020-05-26,1287,46.1547,6.0347,1,0,0,0,0,1
2020-05-26,1651,46.6453,7.1073,3,0,0,0,0,0
2020-05-26,1146,46.5779,6.3632,1,0,0,0,0,0
2020-05-26,1774,46.8186,6.9804,4,0,0,0,0,0
2020-05-26,2523,47.0808,7.0654,1,0,0,0,0,0
2020-05-26,8934,47.2238,8.4606,1,0,0,0,0,0
2020-05-26,3225,46.9934,7.1421,1,0,0,0,0,0
2020-05-26,1563,46.853,6.9886,2,0,0,0,0,0
2020-05-26,2206,47.0128,6.8466,1,0,0,0,0,0
2020-05-26,1117,46.5917,6.4642,1,0,0,0,0,0
2020-05-26,1167,46.5037,6.4506,1,0,0,0,0,0
2020-05-26,1722,46.8,7.177,1,0,0,0,0,0
2020-05-26,1908,46.1687,7.2204,1,0,0,0,0,1
2020-05-26,2023,46.9032,6.7805,2,0,1,0,0,0
2020-05-26,2564,47.107,7.2454,2,0,0,0,0,0
2020-05-26,2613,47.1564,7.0172,1,0,0,0,0,0
2020-05-26,1184,46.4473,6.2758,3,0,0,0,0,0
2020-05-26,1583,46.8836,7.0724,0,0,1,0,0,0
2020-05-26,3252,47.1001,7.2923,3,0,0,0,0,0
2020-05-26,9245,47.4557,9.149,1,0,0,0,0,0
2020-05-26,1585,46.921,7.024,2,0,0,1,0,0
2020-05-26,1644,46.6872,7.0864,1,0,0,0,0,0
2020-05-26,2333,47.1331,6.8921,0,0,0,0,0,1
2020-05-26,2046,47.0437,6.901,1,0,0,0,0,0
2020-05-26,2057,47.0747,6.9716,1,0,0,0,0,0
2020-05-26,2534,47.1564,7.195,1,0,0,0,0,0
2020-05-26,3126,46.8413,7.5072,1,0,0,0,0,0
2020-05-26,6313,47.1752,8.5972,1,0,0,0,0,0
2020-05-26,1981,46.2118,7.3974,2,0,0,0,0,0
2020-05-26,4800,47.2888,7.9451,1,0,0,0,0,0
2020-05-26,1468,46.8142,6.7871,3,0,0,0,0,0
2020-05-26,2606,47.1942,7.1408,3,0,0,1,0,0
2020-05-26,2345,47.2064,6.9979,1,0,0,0,0,0
2020-05-26,2947,47.4235,7.2044,1,0,0,0,0,0
2020-05-26,2914,47.3726,6.8971,1,0,0,0,0,0
2020-05-26,2575,47.0661,7.196,1,0,0,0,0,0
2020-05-26,2736,47.2394,7.3057,1,0,0,0,0,0
2020-05-26,3235,47.042,7.0954,1,0,0,0,0,0
2020-05-26,1484,46.8067,6.8456,1,0,0,0,0,0
2020-05-26,3088,46.8291,7.4489,1,0,0,0,0,0
2020-05-26,1749,46.7681,6.9494,1,0,0,0,0,0
2020-05-26,2043,47.0285,6.89,1,0,0,0,0,0
2020-05-26,2954,47.402,7.2112,1,0,0,0,0,0
2020-05-26,4612,47.3427,7.8774,1,0,0,0,0,0
2020-05-26,9470,47.1668,9.4647,1,0,0,0,0,0
2020-05-26,1187,46.4988,6.3091,1,0,0,0,0,0
2020-05-26,2063,47.0331,6.9276,0,0,0,0,0,1
2020-05-26,1716,46.7174,7.2837,0,0,0,0,0,1
2020-05-26,1978,46.2789,7.4454,1,0,0,0,0,0
2020-05-26,2842,47.3458,7.3427,1,0,0,0,0,0
2020-05-26,1553,46.7541,6.9383,1,0,0,0,0,0
2020-05-26,2504,47.1563,7.2827,0,0,0,0,0,1
2020-05-26,2028,46.8787,6.7551,0,0,0,0,0,1
2020-05-26,2952,47.4059,7.1638,1,0,0,0,0,0
2020-05-26,1681,46.687,6.8923,1,0,0,0,0,0
2020-05-26,8053,47.3613,8.5974,0,0,0,0,0,1
2020-05-26,1271,46.4293,6.2021,1,0,0,0,0,0
2020-05-26,3979,46.2517,7.4543,1,0,0,0,0,0
2020-05-26,1973,46.2293,7.4342,1,0,0,0,0,0
2020-05-26,8117,47.3705,8.6384,1,0,0,0,0,0
2020-05-26,2922,47.4409,7.0549,1,0,0,0,0,0
2020-05-26,3068,46.9608,7.5647,3,0,0,0,0,0
2020-05-26,1486,46.738,6.7658,2,0,0,0,0,0
2020-05-26,1045,46.7111,6.722,1,0,0,0,0,0
2020-05-26,5102,47.4028,8.1346,1,0,0,0,0,0
2020-05-26,8200,47.7177,8.6259,1,0,0,0,0,0
2020-05-26,1149,46.5582,6.3366,1,0,0,0,0,0
2020-05-26,1236,46.1738,6.0172,2,0,0,0,0,0
2020-05-26,3011,46.9504,7.4549,1,0,0,0,0,0
2020-05-26,1741,46.7506,7.033,1,0,0,0,0,0
2020-05-26,8135,47.2652,8.5564,1,0,0,0,0,0
2020-05-26,3145,46.8857,7.3855,1,0,0,0,0,0
2020-05-26,1429,46.8096,6.6164,2,0,1,0,0,0
2020-05-26,8236,47.7667,8.6578,1,0,0,0,0,0
2020-05-26,8932,47.2428,8.4638,0,0,0,0,0,1
2020-05-26,2805,47.3916,7.3695,1,0,0,0,0,0
2020-05-26,2607,47.1916,7.1067,1,0,0,0,0,0
2020-05-26,2745,47.2834,7.4252,1,0,0,0,0,0
2020-05-26,8222,47.6992,8.5726,1,0,0,0,0,0
2020-05-26,1281,46.1875,6.0141,1,0,0,0,0,0
2020-05-26,2414,47.0169,6.665,1,0,0,0,0,0
2020-05-26,9058,47.2974,9.4564,1,0,0,0,0,0
2020-05-26,1732,46.7469,7.123,0,0,0,0,1,0
2020-05-26,3993,46.3718,8.0935,1,0,0,0,0,0
2020-05-26,8500,47.5465,8.8883,1,0,0,0,0,0