date,postal_code,latitude,longitude,healthy,sick_guess_no_corona,sick_guess_corona,sick_corona_confirmed,recovered_confirmed,recovered_not_confirmed
2020-04-07,1012,46.5263,6.6569,68,5,3,0,0,5
2020-04-07,1097,46.4933,6.7357,6,0,3,0,0,0
2020-04-07,1009,46.5092,6.662,79,1,9,1,0,8
2020-04-07,1030,46.5532,6.5511,39,0,2,0,0,4
2020-04-07,6612,46.1549,8.7679,2,0,0,0,0,0
2020-04-07,1024,46.5261,6.562,41,1,2,0,0,5
2020-04-07,1066,46.546,6.6737,37,0,4,0,1,3
2020-04-07,1005,46.5199,6.6425,97,5,7,0,0,3
2020-04-07,1092,46.5201,6.6804,25,0,3,2,0,2
2020-04-07,1018,46.5387,6.6286,79,3,4,0,1,5
2020-04-07,1630,46.6203,7.0585,26,0,1,0,0,0
2020-04-07,1615,46.5218,6.8501,2,0,0,0,0,1
2020-04-07,1110,46.5107,6.5,46,1,2,0,0,4
2020-04-07,1136,46.5291,6.4426,3,0,0,0,0,0
2020-04-07,1201,46.2099,6.1442,38,2,5,0,0,2
2020-04-07,1213,46.1856,6.1091,39,2,4,0,0,0
2020-04-07,1907,46.1453,7.1808,8,0,0,0,0,1
2020-04-07,1004,46.5285,6.6187,173,3,16,2,1,14
2020-04-07,1006,46.5108,6.6371,93,1,9,1,0,10
2020-04-07,1010,46.5361,6.6589,65,4,6,1,0,3
2020-04-07,1197,46.3945,6.2499,7,1,0,0,0,0
2020-04-07,2068,47.0136,6.9717,6,0,0,0,0,0
2020-04-07,1164,46.4702,6.4212,1,0,0,0,0,0
2020-04-07,1205,46.1952,6.1436,65,3,2,0,0,3
2020-04-07,1814,46.4536,6.857,31,1,0,1,0,1
2020-04-07,1204,46.2017,6.1447,10,0,1,0,0,1
2020-04-07,1470,46.8285,6.8386,10,0,1,0,0,1
2020-04-07,1806,46.4714,6.884,11,0,2,0,0,3
2020-04-07,1234,46.1723,6.1547,8,0,0,0,0,0
2020-04-07,1053,46.591,6.6418,29,0,3,0,1,3
2020-04-07,2012,46.9778,6.8772,3,1,0,0,0,0
2020-04-07,1091,46.4955,6.7185,21,0,0,1,0,1
2020-04-07,1700,46.8062,7.1628,54,3,3,0,0,2
2020-04-07,1162,46.4813,6.4582,23,0,0,0,0,0
2020-04-07,2300,47.1103,6.8545,25,3,0,0,0,3
2020-04-07,1565,46.8826,6.9619,3,0,0,0,0,0
2020-04-07,1976,46.2439,7.2906,1,0,2,0,0,0
2020-04-07,1081,46.5842,6.7482,3,0,0,0,0,0
2020-04-07,1042,46.6201,6.5991,19,2,0,0,0,1
2020-04-07,2000,46.992,6.9264,23,0,3,0,0,4
2020-04-07,1055,46.6018,6.6807,13,0,3,0,0,1
2020-04-07,1950,46.2334,7.362,24,2,3,0,0,1
2020-04-07,1094,46.506,6.6723,12,1,1,0,0,0
2020-04-07,3422,47.0837,7.579,1,0,0,0,0,0
2020-04-07,1618,46.5288,6.9011,12,1,0,0,0,2
2020-04-07,2035,46.9856,6.8769,3,0,0,0,0,0
2020-04-07,1417,46.7289,6.6406,7,0,0,0,0,0
2020-04-07,1037,46.6001,6.6119,10,0,0,0,1,0
2020-04-07,1052,46.5568,6.6361,42,1,6,1,0,2
2020-04-07,1663,46.578,7.0696,4,0,0,0,0,0
2020-04-07,1090,46.5167,6.7027,15,0,1,0,0,1
2020-04-07,1054,46.5912,6.6266,11,0,1,0,0,0
2020-04-07,1023,46.5562,6.5788,25,0,0,0,0,2
2020-04-07,2013,46.9663,6.862,7,1,0,0,0,1
2020-04-07,1000,46.5535,6.687,20,0,1,1,0,1
2020-04-07,1003,46.52,6.63,62,2,3,1,0,2
2020-04-07,1874,46.1783,6.8703,5,0,0,0,0,0
2020-04-07,1568,46.9179,6.9555,2,0,0,0,0,2
2020-04-07,1206,46.1872,6.1588,29,1,2,1,0,3
2020-04-07,1096,46.4912,6.72,11,0,0,0,0,0
2020-04-07,1020,46.5368,6.5907,50,1,7,1,0,5
2020-04-07,1095,46.5027,6.6864,39,0,5,0,0,0
2020-04-07,1800,46.4591,6.8482,54,4,2,0,0,2
2020-04-07,1122,46.5556,6.5116,1,0,0,0,0,0
2020-04-07,1652,46.6252,7.1108,3,0,0,0,0,0
2020-04-07,1260,46.3808,6.238,55,1,4,0,0,1
2020-04-07,1043,46.6555,6.6709,3,0,0,0,0,0
2020-04-07,1224,46.1977,6.1886,13,0,3,0,0,2
2020-04-07,1613,46.5497,6.871,7,0,0,0,0,0
2020-04-07,1202,46.2214,6.1367,46,6,1,0,0,4
2020-04-07,2017,46.9514,6.8371,7,0,0,0,0,0
2020-04-07,8004,47.378,8.5234,19,0,2,0,0,5
2020-04-07,1072,46.5412,6.7698,6,0,1,0,0,1
2020-04-07,2942,47.4273,7.1287,1,0,0,0,0,0
2020-04-07,1007,46.5178,6.6086,107,2,9,3,0,5
2020-04-07,1022,46.5358,6.5763,30,2,1,0,0,3
2020-04-07,3960,46.288,7.5264,9,0,0,0,0,1
2020-04-07,2902,47.403,7.0811,1,0,0,0,0,0
2020-04-07,1008,46.5436,6.6027,64,1,4,0,0,3
2020-04-07,1027,46.5265,6.5209,9,0,0,0,0,0
2020-04-07,1041,46.6404,6.6864,9,0,2,1,0,0
2020-04-07,1196,46.4237,6.2652,24,0,0,0,0,0
2020-04-07,1226,46.1883,6.1987,14,2,1,0,0,2
2020-04-07,1093,46.5149,6.6862,15,1,0,0,0,1
2020-04-07,1026,46.5281,6.5407,19,0,1,0,0,2
2020-04-07,3006,46.9458,7.4713,5,0,0,0,0,0
2020-04-07,1422,46.8083,6.6436,12,0,1,0,0,0
2020-04-07,1844,46.3963,6.9252,10,0,0,0,0,2
2020-04-07,1373,46.7014,6.5705,22,0,1,0,0,2
2020-04-07,1170,46.4967,6.3921,6,0,1,2,0,1
2020-04-07,1400,46.781,6.6586,91,6,4,0,0,10
2020-04-07,1936,46.0941,7.2196,3,0,4,1,0,3
2020-04-07,1323,46.6935,6.4614,4,1,0,0,0,0
2020-04-07,1290,46.2989,6.1495,13,0,2,1,0,2
2020-04-07,1033,46.5849,6.605,25,0,1,0,0,1
2020-04-07,1893,46.2802,6.9258,2,0,0,0,0,0
2020-04-07,1752,46.791,7.116,14,0,2,0,0,0
2020-04-07,1214,46.2153,6.0865,7,0,0,0,0,1
2020-04-07,1441,46.7989,6.6089,3,0,0,0,0,0
2020-04-07,1284,46.1497,5.9713,3,0,1,0,0,0
2020-04-07,1350,46.7246,6.533,21,1,3,0,0,1
2020-04-07,1112,46.526,6.4986,5,0,0,1,0,1
2020-04-07,6872,45.8759,8.9928,1,0,0,0,0,0
2020-04-07,1233,46.1737,6.0697,21,1,2,0,0,5
2020-04-07,1247,46.2762,6.2229,6,0,0,0,0,0
2020-04-07,1974,46.2723,7.3835,4,0,0,0,0,0
2020-04-07,1203,46.2086,6.1236,64,2,3,1,0,3
2020-04-07,1885,46.3013,7.0435,5,0,0,0,0,0
2020-04-07,1820,46.4261,6.9216,25,2,1,0,0,3
2020-04-07,1252,46.2466,6.2342,2,0,0,0,0,0
2020-04-07,1208,46.1994,6.1659,28,0,3,0,0,0
2020-04-07,1125,46.5285,6.479,1,0,0,1,0,0
2020-04-07,1675,46.6148,6.8471,4,0,0,0,0,0
2020-04-07,1025,46.509,6.56,28,0,3,1,0,4
2020-04-07,1217,46.2283,6.0707,29,4,3,0,0,0
2020-04-07,1207,46.2054,6.1631,26,1,4,0,0,3
2020-04-07,1225,46.1937,6.1919,13,0,0,0,0,2
2020-04-07,1523,46.7599,6.8896,4,0,0,0,0,0
2020-04-07,1269,46.4621,6.2315,2,0,1,1,0,1
2020-04-07,3280,46.9224,7.1065,1,0,2,0,0,0
2020-04-07,1430,46.808,6.5886,4,0,0,0,0,0
2020-04-07,1934,46.0727,7.2165,0,0,0,1,0,1
2020-04-07,1634,46.6964,7.138,2,0,0,0,0,0
2020-04-07,1374,46.7038,6.6,3,0,0,0,0,0
2020-04-07,1031,46.5775,6.5523,6,0,0,0,0,0
2020-04-07,1080,46.5732,6.7515,4,1,0,0,0,0
2020-04-07,6318,47.1003,8.5148,1,0,0,0,0,0
2020-04-07,1227,46.1892,6.1363,34,3,3,0,1,0
2020-04-07,1223,46.2163,6.1812,8,1,1,0,0,0
2020-04-07,8102,47.4084,8.4624,1,0,0,0,0,0
2020-04-07,1773,46.837,7.0219,2,0,0,0,0,0
2020-04-07,1028,46.5184,6.5269,20,1,2,0,0,2
2020-04-07,1426,46.8485,6.7138,1,0,0,0,0,0
2020-04-07,1296,46.3159,6.1931,4,0,1,0,0,1
2020-04-07,1625,46.6371,6.9822,6,0,0,0,0,1
2020-04-07,1315,46.6595,6.5145,12,0,1,0,0,0
2020-04-07,1134,46.5235,6.474,11,0,0,0,0,0
2020-04-07,1696,46.7078,7.0531,1,0,0,0,0,0
2020-04-07,1803,46.4768,6.827,12,0,0,0,1,0
2020-04-07,1637,46.6191,7.1628,13,0,0,0,0,0
2020-04-07,1921,46.0866,7.054,1,0,1,0,0,0
2020-04-07,1040,46.6442,6.6226,34,1,1,2,0,2
2020-04-07,1530,46.8207,6.9378,15,2,0,0,0,2
2020-04-07,1870,46.2299,6.8811,13,0,1,1,0,1
2020-04-07,1802,46.4723,6.8328,10,0,1,0,0,0
2020-04-07,1997,46.1682,7.3052,2,0,1,0,0,0
2020-04-07,1443,46.7877,6.581,3,0,1,0,0,0
2020-04-07,1253,46.2212,6.2026,3,0,0,0,0,0
2020-04-07,1804,46.4702,6.8417,5,0,0,0,0,0
2020-04-07,1113,46.5456,6.4876,1,0,0,0,0,0
2020-04-07,8134,47.3128,8.5223,2,0,0,0,0,0
2020-04-07,1098,46.4911,6.7482,5,0,0,0,0,0
2020-04-07,6982,45.9977,8.8977,1,0,0,0,0,0
2020-04-07,1815,46.442,6.8925,15,1,1,0,0,0
2020-04-07,1638,46.6279,7.0878,3,0,0,0,0,0
2020-04-07,1610,46.5701,6.8165,11,0,0,0,0,2
2020-04-07,1543,46.8719,6.9305,2,0,0,0,0,1
2020-04-07,1410,46.7111,6.7608,5,1,1,0,0,0
2020-04-07,1412,46.7408,6.6619,9,0,1,0,0,1
2020-04-07,2900,47.4159,7.0768,11,0,0,0,0,2
2020-04-07,1822,46.4426,6.9136,10,0,0,0,0,0
2020-04-07,1337,46.7129,6.38,9,0,0,0,0,0
2020-04-07,1180,46.4625,6.3256,10,1,2,0,0,2
2020-04-07,1670,46.6376,6.8446,4,0,0,0,0,0
2020-04-07,1938,46.0267,7.1191,2,0,0,0,0,0
2020-04-07,8037,47.3985,8.5243,4,0,0,0,0,2
2020-04-07,1257,46.1452,6.1364,1,0,0,0,0,0
2020-04-07,1633,46.6573,7.0674,5,0,1,0,0,0
2020-04-07,1880,46.2624,7.0506,13,0,0,0,0,0
2020-04-07,1971,46.2534,7.3798,1,0,0,0,0,1
2020-04-07,1070,46.4939,6.7661,4,0,1,0,0,3
2020-04-07,1955,46.2048,7.2211,2,0,0,0,0,1
2020-04-07,1423,46.8494,6.6394,1,0,0,0,0,2
2020-04-07,1115,46.5742,6.4812,2,0,0,0,0,0
2020-04-07,8005,47.3868,8.5207,9,0,0,0,0,1
2020-04-07,1222,46.2375,6.1997,18,0,0,0,0,1
2020-04-07,2603,47.1949,7.2495,1,0,0,0,0,0
2020-04-07,1669,46.5062,7.0515,7,1,0,0,0,0
2020-04-07,1845,46.3809,6.8986,5,0,0,0,0,0
2020-04-07,1354,46.7327,6.5106,1,0,0,0,0,0
2020-04-07,1303,46.6003,6.5388,10,0,0,0,0,0
2020-04-07,1627,46.6238,6.9932,1,0,0,0,0,0
2020-04-07,1890,46.2012,7.0013,4,0,0,0,0,1
2020-04-07,1082,46.6065,6.7415,4,0,1,0,0,0
2020-04-07,1083,46.5952,6.7712,7,0,0,0,0,0
2020-04-07,1035,46.6038,6.5638,1,0,0,0,0,0
2020-04-07,1896,46.3369,6.8748,6,0,0,0,0,0
2020-04-07,1278,46.3817,6.1503,3,0,0,0,0,0
2020-04-07,1754,46.7867,7.0581,4,0,0,0,0,0
2020-04-07,1297,46.3329,6.1927,9,0,0,0,0,0
2020-04-07,1628,46.6165,7.0191,5,0,0,0,0,0
2020-04-07,2350,47.2557,6.9957,1,0,0,0,0,0
2020-04-07,8003,47.3726,8.5161,17,0,0,0,0,1
2020-04-07,1317,46.6683,6.5256,2,0,0,0,0,0
2020-04-07,2074,47.0093,7.0012,4,0,0,0,0,0
2020-04-07,1228,46.1681,6.1159,12,0,0,0,0,0
2020-04-07,1607,46.5484,6.8227,3,0,1,0,0,3
2020-04-07,1872,46.2298,6.919,3,0,0,0,0,0
2020-04-07,1073,46.5472,6.7417,12,0,1,0,0,2
2020-04-07,1782,46.8284,7.1106,4,0,0,0,0,0
2020-04-07,1288,46.1908,6.0434,4,0,0,0,0,0
2020-04-07,1209,46.2219,6.125,11,0,0,0,0,0
2020-04-07,1011,46.5256,6.6429,0,0,2,0,0,0
2020-04-07,3012,46.9616,7.426,5,0,0,0,0,0
2020-04-07,1304,46.6127,6.5011,10,0,1,0,0,2
2020-04-07,1347,46.614,6.2332,4,0,1,1,0,0
2020-04-07,8006,47.3858,8.5432,11,0,0,0,0,2
2020-04-07,1920,46.1006,7.0738,38,1,6,0,0,3
2020-04-07,1926,46.1382,7.1137,4,0,1,0,0,0
2020-04-07,1941,46.0894,7.1729,2,0,0,1,0,0
2020-04-07,8050,47.4119,8.5508,17,1,1,0,0,2
2020-04-07,1965,46.2508,7.3498,12,0,1,0,0,1
2020-04-07,1757,46.8027,7.0277,1,0,0,0,0,2
2020-04-07,8048,47.3867,8.4839,12,0,0,0,0,2
2020-04-07,8032,47.3667,8.5644,6,0,0,0,0,0
2020-04-07,8049,47.4087,8.5005,3,0,0,0,0,1
2020-04-07,3976,46.2797,7.5024,2,0,0,0,0,0
2020-04-07,3963,46.3142,7.4991,2,0,1,0,0,0
2020-04-07,2072,47.0134,6.9869,2,0,1,0,0,0
2020-04-07,2855,47.3316,7.1998,1,0,0,0,0,0
2020-04-07,1616,46.5108,6.8492,6,0,1,0,0,0
2020-04-07,2802,47.3547,7.2913,2,0,0,0,0,0
2020-04-07,1967,46.2308,7.404,1,0,0,0,0,1
2020-04-07,1251,46.2525,6.2576,3,0,0,0,0,1
2020-04-07,1219,46.2054,6.1015,18,2,3,0,0,0
2020-04-07,7500,46.4984,9.84,1,0,0,0,0,0
2020-04-07,8055,47.3642,8.4903,10,0,0,0,0,0
2020-04-07,1405,46.7593,6.6695,4,0,0,0,0,0
2020-04-07,1285,46.1547,6.0073,8,0,0,0,0,0
2020-04-07,1904,46.1343,7.0387,4,0,0,0,0,0
2020-04-07,8122,47.3567,8.6271,1,0,0,0,0,0
2020-04-07,1032,46.5632,6.6061,13,0,0,0,0,0
2020-04-07,1242,46.2182,6.0314,2,1,0,0,0,0
2020-04-07,1372,46.6854,6.5656,2,0,2,0,0,0
2020-04-07,2932,47.4545,7.0962,2,0,0,0,0,0
2020-04-07,1510,46.6571,6.7889,6,1,0,0,0,1
2020-04-07,1617,46.5269,6.8739,6,0,0,0,0,0
2020-04-07,2800,47.3647,7.3436,19,2,0,0,0,1
2020-04-07,1731,46.7545,7.1463,1,0,0,0,0,0
2020-04-07,8803,47.3093,8.5549,2,0,0,0,0,0
2020-04-07,3008,46.9451,7.4139,3,0,0,0,0,1
2020-04-07,1772,46.8225,7.0564,1,0,0,0,0,0
2020-04-07,1725,46.7623,7.095,5,0,0,0,0,0
2020-04-07,8001,47.3728,8.5414,3,0,0,0,0,0
2020-04-07,1667,46.5663,7.0836,1,0,0,0,0,0
2020-04-07,1723,46.7741,7.1725,5,0,0,1,0,1
2020-04-07,1416,46.6993,6.6725,4,0,0,0,0,1
2020-04-07,1882,46.2735,7.0628,5,0,0,0,0,0
2020-04-07,8752,47.1011,9.0571,1,0,0,0,0,0
2020-04-07,1680,46.6943,6.9357,6,1,0,0,0,0
2020-04-07,1312,46.6525,6.5257,2,0,1,0,0,0
2020-04-07,1661,46.5944,7.0548,1,0,0,0,0,0
2020-04-07,1542,46.8596,6.9167,4,0,0,0,0,0
2020-04-07,1674,46.6475,6.8259,3,0,0,0,0,0
2020-04-07,2950,47.3994,7.1325,2,0,0,0,0,0
2020-04-07,1475,46.8648,6.8838,2,0,0,0,0,0
2020-04-07,1724,46.7396,7.1746,3,0,0,0,0,1
2020-04-07,2087,47.0379,7.021,3,0,0,0,0,0
2020-04-07,1614,46.5247,6.8312,2,0,0,0,0,0
2020-04-07,1306,46.6205,6.5488,4,0,0,0,0,0
2020-04-07,1862,46.3876,7.0896,3,0,0,0,0,0
2020-04-07,8413,47.5286,8.6678,1,0,0,0,0,0
2020-04-07,1483,46.8168,6.8683,3,0,0,0,0,0
2020-04-07,2854,47.3363,7.2445,3,0,0,0,0,0
2020-04-07,5304,47.5367,8.2899,1,0,0,0,0,0
2020-04-07,1823,46.4321,6.9256,1,0,0,0,0,1
2020-04-07,2036,46.9806,6.8697,3,0,0,0,0,0
2020-04-07,1172,46.4789,6.3541,3,0,1,0,0,0
2020-04-07,2517,47.1123,7.1174,1,0,0,0,0,0
2020-04-07,2207,47.0102,6.8626,1,0,0,0,0,0
2020-04-07,1807,46.4659,6.8944,19,0,1,0,0,1
2020-04-07,1805,46.4779,6.8421,3,0,0,0,0,0
2020-04-07,6216,47.1677,8.067,1,0,0,0,0,0
2020-04-07,1038,46.6922,6.7085,10,0,0,0,0,1
2020-04-07,1897,46.3736,6.8641,4,0,0,0,0,1
2020-04-07,1816,46.4544,6.892,3,0,0,0,0,0
2020-04-07,3966,46.2635,7.5009,1,0,0,0,0,0
2020-04-07,1643,46.677,7.0768,1,0,0,0,0,0
2020-04-07,6030,47.0818,8.3402,1,0,0,0,0,0
2020-04-07,4142,47.5137,7.6216,1,0,0,0,0,0
2020-04-07,5453,47.4083,8.3267,1,0,0,0,0,0
2020-04-07,8832,47.1964,8.7353,1,0,0,0,0,0
2020-04-07,5615,47.2948,8.2423,1,0,0,0,0,0
2020-04-07,4933,47.1732,7.7711,1,0,0,0,0,0
2020-04-07,8185,47.4925,8.5545,1,0,0,0,0,0
2020-04-07,8046,47.4222,8.5083,2,1,0,0,0,0
2020-04-07,1218,46.2324,6.124,11,0,0,0,0,1
2020-04-07,1860,46.3173,6.9676,21,0,2,0,0,1
2020-04-07,1588,46.9553,7.0196,0,0,2,0,0,0
2020-04-07,1131,46.5059,6.4739,10,0,0,0,0,2
2020-04-07,1291,46.3202,6.1804,5,0,0,0,0,0
2020-04-07,2525,47.0536,7.065,2,0,0,0,0,0
2020-04-07,1071,46.4773,6.784,8,1,0,0,0,1
2020-04-07,1635,46.6091,7.0662,2,0,0,0,0,1
2020-04-07,1968,46.1952,7.4365,1,0,0,0,0,0
2020-04-07,2822,47.3622,7.3751,1,0,0,0,0,0
2020-04-07,1871,46.2348,6.9573,4,0,0,0,0,2
2020-04-07,1277,46.377,6.1845,0,1,0,0,0,0
2020-04-07,1294,46.2648,6.1576,5,0,0,0,0,0
2020-04-07,2712,47.2442,7.1846,1,0,0,0,0,0
2020-04-07,1121,46.5467,6.5177,3,0,0,0,0,0
2020-04-07,4500,47.2084,7.5397,4,0,0,0,0,0
2020-04-07,2518,47.1123,7.0803,1,0,0,0,0,0
2020-04-07,1852,46.3617,6.9304,5,0,1,0,0,0
2020-04-07,1867,46.3003,6.9957,10,0,1,0,0,2
2020-04-07,3123,46.8909,7.5005,1,0,0,0,0,1
2020-04-07,1808,46.4995,6.8768,5,0,0,0,0,0
2020-04-07,1063,46.6691,6.7285,7,0,0,0,0,0
2020-04-07,3098,46.9202,7.4216,4,0,0,0,0,0
2020-04-07,4056,47.5695,7.5735,6,0,1,0,0,0
2020-04-07,1474,46.8262,6.8094,4,0,0,0,0,0
2020-04-07,1302,46.577,6.5389,7,1,1,0,0,0
2020-04-07,1619,46.5227,6.9441,2,0,0,0,0,1
2020-04-07,1246,46.2625,6.2262,5,0,1,2,0,1
2020-04-07,1728,46.72,7.1007,2,0,0,0,0,0
2020-04-07,2746,47.2842,7.4391,1,0,0,0,0,0
2020-04-07,1128,46.5424,6.4397,2,0,0,0,0,0
2020-04-07,1182,46.4592,6.3003,1,0,0,0,0,1
2020-04-07,1608,46.5772,6.8471,8,0,0,0,0,0
2020-04-07,1376,46.6585,6.594,3,0,0,0,0,1
2020-04-07,1653,46.6161,7.1337,1,0,0,0,0,0
2020-04-07,2903,47.3879,7.0808,1,0,0,0,0,0
2020-04-07,1972,46.2962,7.3966,2,0,0,0,0,0
2020-04-07,2882,47.3426,7.1327,1,0,0,0,0,0
2020-04-07,4442,47.4444,7.8364,1,0,0,0,0,0
2020-04-07,2824,47.3472,7.4131,1,0,0,0,0,0
2020-04-07,1927,46.0897,7.0972,1,0,0,0,0,0
2020-04-07,1884,46.2926,7.0487,8,0,0,0,0,0
2020-04-07,1163,46.4861,6.4206,14,0,1,1,0,0
2020-04-07,8847,47.1613,8.7806,1,0,0,0,0,0
2020-04-07,1925,46.0702,6.9654,1,0,0,0,0,0
2020-04-07,4310,47.5542,7.7927,1,0,0,0,0,0
2020-04-07,2108,46.925,6.6326,2,0,0,0,0,0
2020-04-07,1212,46.1824,6.121,29,1,1,0,1,1
2020-04-07,1895,46.309,6.8996,5,0,0,0,0,0
2020-04-07,2852,47.3404,7.3159,1,0,0,0,0,0
2020-04-07,3622,46.7769,7.6838,1,0,0,0,0,0
2020-04-07,1188,46.5114,6.2861,3,0,0,0,0,0
2020-04-07,6043,47.0706,8.3651,1,0,0,0,0,0
2020-04-07,1586,46.9318,7.0387,1,0,0,0,0,0
2020-04-07,8602,47.4095,8.6465,1,0,0,0,0,0
2020-04-07,1322,46.6943,6.4767,1,0,0,0,0,0
2020-04-07,1963,46.2237,7.2786,4,0,0,0,0,1
2020-04-07,1407,46.7401,6.7139,5,0,0,0,0,0
2020-04-07,1068,46.5342,6.6834,1,1,0,0,0,0
2020-04-07,1220,46.2208,6.1089,6,0,1,0,0,0
2020-04-07,2022,46.9308,6.8156,3,0,0,0,0,0
2020-04-07,2520,47.0645,7.0971,3,0,0,0,0,1
2020-04-07,1744,46.7397,7.0025,2,0,0,0,0,0
2020-04-07,7742,46.372,10.0706,1,0,0,0,0,0
2020-04-07,1527,46.746,6.8686,0,1,0,0,0,0
2020-04-07,1169,46.5186,6.4172,1,0,0,0,0,2
2020-04-07,2720,47.2219,7.1263,1,0,0,0,0,1
2020-04-07,1624,46.5908,6.923,2,0,0,0,0,0
2020-04-07,2830,47.3293,7.3746,3,0,0,0,0,0
2020-04-07,1580,46.87,7.0456,7,0,0,0,0,1
2020-04-07,1293,46.2538,6.1533,9,1,0,0,0,0
2020-04-07,1514,46.6867,6.8111,2,0,0,0,0,0
2020-04-07,4053,47.5383,7.601,6,1,0,0,0,2
2020-04-07,1903,46.1716,7.0339,1,0,0,0,0,0
2020-04-07,1522,46.7074,6.8231,7,1,2,1,0,0
2020-04-07,2088,47.051,7.0357,1,0,0,0,0,0
2020-04-07,1142,46.5816,6.4289,1,0,0,1,0,0
2020-04-07,1937,46.0311,7.1462,1,0,0,0,0,0
2020-04-07,8125,47.348,8.6023,1,0,0,0,0,0
2020-04-07,8706,47.2681,8.6399,5,0,0,0,0,0
2020-04-07,1044,46.6761,6.6812,1,1,0,0,0,0
2020-04-07,1148,46.6291,6.425,11,0,0,0,0,1
2020-04-07,1145,46.5382,6.3334,3,1,0,0,0,0
2020-04-07,2338,47.2391,6.9821,1,0,0,0,0,0
2020-04-07,1029,46.5665,6.5606,4,0,0,0,0,0
2020-04-07,8038,47.3408,8.5321,4,0,0,0,0,0
2020-04-07,5312,47.5701,8.2587,1,0,0,0,0,0
2020-04-07,6405,47.0957,8.4615,1,0,0,0,0,0
2020-04-07,3920,46.0195,7.7467,1,0,0,0,0,1
2020-04-07,1485,46.7841,6.8306,2,0,0,0,0,0
2020-04-07,1034,46.6037,6.5828,5,0,0,0,0,0
2020-04-07,1649,46.7001,7.111,1,0,0,0,0,0
2020-04-07,1305,46.6143,6.5293,9,0,1,0,0,1
2020-04-07,1132,46.5059,6.4653,4,0,0,0,0,0
2020-04-07,1694,46.7124,6.9997,0,0,1,0,0,0
2020-04-07,8600,47.3951,8.6181,5,0,0,0,0,0
2020-04-07,1801,46.4816,6.8302,4,0,0,0,0,0
2020-04-07,3175,46.8904,7.31,1,0,0,0,0,0
2020-04-07,3506,46.9071,7.6417,1,0,0,0,0,0
2020-04-07,3415,47.01,7.6545,1,0,0,0,0,0
2020-04-07,1248,46.3014,6.2445,1,0,0,0,0,0
2020-04-07,6038,47.13,8.4027,2,0,0,0,0,0
2020-04-07,1283,46.1868,5.9975,2,0,0,0,0,0
2020-04-07,1564,46.8648,7.0154,1,1,0,0,0,1
2020-04-07,5430,47.4678,8.3305,2,0,0,0,0,0
2020-04-07,1232,46.174,6.0845,5,0,0,0,0,3
2020-04-07,1406,46.7571,6.6964,3,0,0,0,0,0
2020-04-07,1438,46.7668,6.5673,1,0,0,0,0,0
2020-04-07,1673,46.6,6.8173,7,0,0,0,0,0
2020-04-07,1239,46.2707,6.1208,2,0,0,0,0,0
2020-04-07,5400,47.4726,8.309,4,0,0,0,0,3
2020-04-07,1566,46.8967,6.9842,2,0,1,0,0,0
2020-04-07,6003,47.0501,8.297,3,0,0,0,0,0
2020-04-07,1636,46.605,7.0995,3,0,0,0,0,0
2020-04-07,1273,46.4605,6.2074,3,0,0,0,0,0
2020-04-07,1348,46.5819,6.2102,1,0,0,0,0,0
2020-04-07,1734,46.7704,7.1977,0,0,0,0,0,1
2020-04-07,1241,46.2099,6.2324,3,0,2,0,0,0
2020-04-07,6924,46.0003,8.9348,1,0,0,0,0,0
2020-04-07,1292,46.2407,6.1469,4,0,0,0,0,1
2020-04-07,1076,46.589,6.7857,3,0,0,0,0,0
2020-04-07,1428,46.8866,6.7269,2,0,0,0,0,0
2020-04-07,6595,46.1783,8.888,1,0,0,0,0,0
2020-04-07,1595,46.9041,7.0843,2,0,0,0,0,0
2020-04-07,1435,46.7278,6.5839,1,0,0,0,0,0
2020-04-07,1562,46.8316,6.9612,3,0,0,0,0,0
2020-04-07,1532,46.7971,6.9155,1,0,0,0,0,0
2020-04-07,1730,46.7581,7.0869,2,0,0,0,0,0
2020-04-07,3961,46.1965,7.5945,6,0,0,0,0,0
2020-04-07,1216,46.2244,6.1055,3,0,0,0,0,0
2020-04-07,1258,46.156,6.0877,2,0,1,0,0,0
2020-04-07,1255,46.1668,6.1861,7,1,0,0,0,0
2020-04-07,4532,47.2212,7.5528,1,0,0,0,0,0
2020-04-07,3073,46.9351,7.5093,1,0,0,0,0,0
2020-04-07,1420,46.8263,6.6236,2,0,0,0,0,0
2020-04-07,1933,46.0732,7.144,1,0,0,0,0,0
2020-04-07,1036,46.5943,6.5671,8,1,1,0,0,1
2020-04-07,1279,46.3491,6.1643,3,0,0,0,0,1
2020-04-07,1464,46.7741,6.773,1,0,1,0,0,0
2020-04-07,1923,46.1068,7.0038,3,0,0,0,0,0
2020-04-07,1377,46.6436,6.5783,2,0,0,0,0,0
2020-04-07,1168,46.5104,6.4286,5,0,0,0,0,0
2020-04-07,1244,46.2281,6.2266,5,0,0,0,0,1
2020-04-07,6648,46.1767,8.813,1,0,0,0,0,0
2020-04-07,1274,46.393,6.1971,2,0,0,0,0,0
2020-04-07,1791,46.8708,7.1304,3,0,0,0,0,0
2020-04-07,1243,46.2189,6.2551,1,0,0,0,0,0
2020-04-07,1847,46.3759,6.9186,1,0,0,0,0,0
2020-04-07,3174,46.894,7.3518,1,0,0,0,0,0
2020-04-07,1733,46.7285,7.1376,4,0,0,0,0,0
2020-04-07,1763,46.8251,7.1415,3,0,0,0,0,0
2020-04-07,1245,46.2537,6.204,3,0,4,0,0,0
2020-04-07,1854,46.3416,7.0125,7,0,0,0,0,0
2020-04-07,1964,46.2274,7.3049,3,0,0,0,0,0
2020-04-07,1902,46.1785,7.0236,0,0,1,0,0,0
2020-04-07,1433,46.7225,6.599,4,0,0,0,0,0
2020-04-07,8405,47.4775,8.7783,2,0,0,0,0,0
2020-04-07,3212,46.889,7.179,2,0,0,0,0,0
2020-04-07,1313,46.6584,6.4855,2,0,0,0,0,0
2020-04-07,1528,46.7398,6.8544,1,0,0,0,0,0
2020-04-07,1515,46.7042,6.7934,1,0,0,0,0,0
2020-04-07,3063,46.9753,7.4799,1,0,0,0,0,0
2020-04-07,1254,46.2354,6.266,1,0,0,0,0,0
2020-04-07,1587,46.9228,7.0107,1,1,1,0,0,0
2020-04-07,1147,46.6012,6.3769,5,0,0,0,0,1
2020-04-07,1969,46.1675,7.452,1,0,0,0,0,0
2020-04-07,1307,46.6329,6.526,0,0,1,0,0,0
2020-04-07,1261,46.4864,6.2468,7,0,0,0,0,0
2020-04-07,2540,47.189,7.4072,2,0,0,0,0,0
2020-04-07,3018,46.9339,7.3891,4,0,1,0,0,0
2020-04-07,1256,46.1612,6.1485,2,0,1,0,0,1
2020-04-07,1985,46.0977,7.5162,2,0,0,0,0,0
2020-04-07,1726,46.729,7.0611,1,0,0,0,0,1
2020-04-07,1762,46.8122,7.1266,2,1,1,0,0,1
2020-04-07,1717,46.7913,7.2213,1,0,0,0,0,0
2020-04-07,2738,47.24,7.3322,1,0,0,0,0,0
2020-04-07,1784,46.8691,7.1208,1,0,0,0,0,0
2020-04-07,1262,46.3793,6.2047,0,0,1,0,0,0
2020-04-07,9000,47.4236,9.3622,3,0,0,0,0,1
2020-04-07,1740,46.7679,7.0652,2,0,0,0,0,0
2020-04-07,1846,46.3496,6.8943,1,0,0,0,0,0
2020-04-07,1059,46.634,6.7276,1,0,0,0,0,0
2020-04-07,8106,47.4503,8.4636,1,0,0,0,0,0
2020-04-07,1712,46.8154,7.2176,2,0,0,0,0,0
2020-04-07,3013,46.9562,7.4462,2,0,0,0,0,0
2020-04-07,1932,46.0778,7.081,1,0,0,0,0,0
2020-04-07,8700,47.3169,8.5835,1,0,1,0,0,0
2020-04-07,6962,46.011,8.9671,1,0,0,0,0,0
2020-04-07,8610,47.3459,8.7169,4,0,0,0,0,0
2020-04-07,1683,46.6762,6.8457,2,0,0,0,0,0
2020-04-07,1868,46.2606,6.9403,2,0,1,0,0,1
2020-04-07,1268,46.4529,6.2554,2,0,0,0,0,0
2020-04-07,1545,46.8876,6.9072,1,0,1,0,0,0
2020-04-07,1677,46.6381,6.8745,3,0,0,0,0,0
2020-04-07,1584,46.9055,6.99,1,0,0,0,0,0
2020-04-07,1966,46.275,7.4088,2,0,0,0,0,1
2020-04-07,3186,46.846,7.1907,1,0,0,0,0,0
2020-04-07,1173,46.4812,6.3699,0,0,0,0,0,1
2020-04-07,3971,46.2806,7.4782,1,0,1,0,0,0
2020-04-07,1183,46.4531,6.2899,2,0,0,0,0,0
2020-04-07,8180,47.5171,8.5409,2,0,0,0,1,1
2020-04-07,6370,46.9585,8.3716,1,0,0,0,0,0
2020-04-07,2742,47.2747,7.3419,1,0,0,0,0,0
2020-04-07,6390,46.8162,8.4037,4,0,0,0,0,1
2020-04-07,1943,45.99,7.1255,0,0,0,0,0,1
2020-04-07,2908,47.3917,6.9397,1,0,0,0,0,0
2020-04-07,1898,46.3926,6.804,1,0,0,0,0,0
2020-04-07,1267,46.4265,6.2445,0,0,0,1,0,0
2020-04-07,1231,46.1844,6.1766,1,0,0,0,0,0
2020-04-07,1185,46.4709,6.337,4,0,0,0,0,0
2020-04-07,1286,46.1448,6.0431,1,0,0,0,0,0
2020-04-07,1945,45.9985,7.1744,1,0,0,0,0,0
2020-04-07,1299,46.3559,6.2064,2,0,0,0,0,0
2020-04-07,8044,47.3819,8.5877,3,0,0,0,0,0
2020-04-07,8057,47.3999,8.5474,9,0,1,0,0,1
2020-04-07,8045,47.3516,8.5057,6,0,0,0,0,1
2020-04-07,8052,47.4245,8.5406,4,0,0,0,0,0
2020-04-07,6300,47.1543,8.5247,1,0,3,0,0,0
2020-04-07,8154,47.4766,8.5207,2,0,0,0,0,0
2020-04-07,8307,47.4314,8.7032,1,0,0,0,0,0
2020-04-07,4600,47.351,7.8986,1,0,0,0,0,1
2020-04-07,1174,46.4964,6.3568,1,0,0,0,0,0
2020-04-07,8400,47.4916,8.7295,3,1,1,0,0,0
2020-04-07,8051,47.3997,8.5788,6,0,0,0,0,2
2020-04-07,1626,46.6512,6.9609,0,0,1,0,0,0
2020-04-07,8843,47.0417,8.7865,1,0,0,0,0,0
2020-04-07,1994,46.2067,7.316,1,0,0,0,0,0
2020-04-07,1453,46.8431,6.5858,5,0,0,0,0,0
2020-04-07,8806,47.2039,8.7327,1,0,0,0,0,0
2020-04-07,8064,47.3987,8.4852,1,0,0,0,0,0
2020-04-07,1144,46.5547,6.3741,1,1,0,0,0,0
2020-04-07,6004,47.0603,8.298,2,0,0,0,0,0
2020-04-07,8708,47.2547,8.6938,3,0,0,0,0,0
2020-04-07,1442,46.793,6.6123,3,0,0,0,0,0
2020-04-07,3052,46.9929,7.4614,1,1,0,0,0,0
2020-04-07,1452,46.8292,6.5402,1,0,0,0,0,0
2020-04-07,1450,46.8188,6.5115,14,0,0,0,0,0
2020-04-07,1358,46.7519,6.5193,5,0,0,0,0,0
2020-04-07,1436,46.7763,6.608,4,0,0,0,0,0
2020-04-07,1189,46.5143,6.3303,2,0,0,0,0,0
2020-04-07,1609,46.5831,6.8768,3,0,0,0,0,0
2020-04-07,1325,46.6892,6.3904,2,0,0,0,0,0
2020-04-07,1454,46.8299,6.4728,3,0,0,1,0,0
2020-04-07,1338,46.7292,6.4148,3,0,0,0,0,0
2020-04-07,8640,47.2209,8.8112,2,0,0,0,0,0
2020-04-07,1266,46.409,6.233,2,0,0,0,0,0
2020-04-07,8645,47.2291,8.8365,2,1,0,0,0,0
2020-04-07,3608,46.7399,7.5988,1,0,0,0,0,0
2020-04-07,1612,46.5457,6.8623,1,0,0,0,0,0
2020-04-07,1061,46.6473,6.7294,0,0,1,0,0,0
2020-04-07,3423,47.0956,7.5927,1,0,0,0,0,0
2020-04-07,8546,47.5492,8.8337,1,0,0,0,0,0
2020-04-07,1077,46.5781,6.7853,4,0,0,0,0,1
2020-04-07,1699,46.6002,6.8678,1,0,0,0,0,0
2020-04-07,2054,47.074,6.9348,3,0,0,0,0,0
2020-04-07,1906,46.1235,7.1298,1,0,0,0,0,0
2020-04-07,1947,46.061,7.2388,0,0,1,0,0,1
2020-04-07,1533,46.7842,6.8814,1,0,0,0,0,0
2020-04-07,2016,46.9429,6.8463,4,0,0,0,0,0
2020-04-07,4051,47.5542,7.5867,1,0,0,0,0,0
2020-04-07,1143,46.5523,6.4286,3,0,0,0,0,0
2020-04-07,1404,46.7759,6.6929,1,0,1,0,0,1
2020-04-07,1482,46.8149,6.8931,2,0,1,0,0,0
2020-04-07,8302,47.4525,8.5844,1,0,0,0,0,0
2020-04-07,2916,47.4179,6.9492,1,0,0,0,0,0
2020-04-07,2014,46.9662,6.8401,0,0,0,0,0,1
2020-04-07,4538,47.2601,7.6568,1,0,0,0,0,0
2020-04-07,8047,47.3739,8.487,3,0,0,0,0,0
2020-04-07,2114,46.9013,6.5818,0,1,0,0,0,0
2020-04-07,4704,47.2716,7.6809,1,0,0,0,0,0
2020-04-07,2544,47.2034,7.4297,1,0,0,0,0,0
2020-04-07,4513,47.2217,7.5146,1,0,0,0,0,0
2020-04-07,2735,47.2432,7.2871,2,0,0,0,0,0
2020-04-07,3072,46.9577,7.4977,1,0,1,0,0,0
2020-04-07,4702,47.2873,7.7238,1,0,0,0,0,0
2020-04-07,8008,47.3559,8.563,4,0,0,0,0,0
2020-04-07,1116,46.5726,6.4545,1,0,0,0,0,0
2020-04-07,3715,46.4929,7.5588,1,0,0,0,0,0
2020-04-07,2316,47.0051,6.7417,1,0,0,0,0,2
2020-04-07,1427,46.84,6.6724,1,0,0,0,0,0
2020-04-07,1899,46.3152,6.8787,2,0,0,0,0,0
2020-04-07,4466,47.4694,7.8741,0,0,0,0,0,1
2020-04-07,8800,47.2902,8.5692,3,0,0,0,0,0
2020-04-07,1446,46.7909,6.5183,3,0,0,0,0,0
2020-04-07,1124,46.5852,6.5084,1,0,1,0,0,1
2020-04-07,8902,47.3827,8.4238,0,0,0,0,0,1
2020-04-07,8953,47.4049,8.4037,4,0,0,0,0,0
2020-04-07,8903,47.3517,8.4412,2,0,0,0,0,0
2020-04-07,2608,47.1753,7.0924,1,0,0,0,0,0
2020-04-07,6005,47.0292,8.3276,1,0,0,0,0,0
2020-04-07,8404,47.5233,8.7573,3,0,0,0,0,0
2020-04-07,1552,46.7703,6.9259,1,0,0,0,0,0
2020-04-07,8715,47.2194,8.8943,1,0,0,0,0,0
2020-04-07,8882,47.1141,9.2554,1,0,0,0,0,0
2020-04-07,4410,47.4854,7.7211,1,0,0,0,0,0
2020-04-07,1873,46.1998,6.8655,0,1,0,0,0,0
2020-04-07,1832,46.4565,6.9224,0,0,0,1,1,1
2020-04-07,6900,46.0024,8.9454,3,0,0,0,0,0
2020-04-07,2827,47.3381,7.5275,0,0,0,0,0,1
2020-04-07,8952,47.3966,8.4458,2,0,0,0,0,2
2020-04-07,3293,47.1209,7.3434,1,0,0,0,0,0
2020-04-07,4057,47.5761,7.5997,5,1,0,0,0,0
2020-04-07,1695,46.7147,7.0245,1,0,0,0,0,0
2020-04-07,7457,46.4681,9.6506,1,0,0,0,0,0
2020-04-07,3978,46.2698,7.4539,1,0,0,0,0,0
2020-04-07,1318,46.6663,6.5112,1,0,0,0,0,0
2020-04-07,2612,47.1729,7.0541,2,0,0,0,0,0
2020-04-07,1176,46.5074,6.3867,0,0,0,0,0,1
2020-04-07,1237,46.1695,6.0,2,0,0,0,0,0
2020-04-07,4102,47.5392,7.5775,1,0,0,0,0,0
2020-04-07,1541,46.8394,6.8908,2,0,0,0,0,0
2020-04-07,8152,47.4298,8.5691,4,0,0,0,0,0
2020-04-07,1554,46.7422,6.9276,1,0,0,0,0,0
2020-04-07,5085,47.5343,8.0976,1,0,0,0,0,0
2020-04-07,5235,47.5071,8.2091,1,0,0,0,0,0
2020-04-07,1326,46.6913,6.4489,4,0,0,0,0,0
2020-04-07,1308,46.618,6.4729,1,0,0,0,0,0
2020-04-07,1413,46.7214,6.6837,1,0,0,0,0,0
2020-04-07,1295,46.3071,6.1736,2,0,0,0,0,0
2020-04-07,2616,47.1227,6.9112,0,1,0,0,0,0
2020-04-07,1276,46.4095,6.1797,1,0,0,0,0,0
2020-04-07,5432,47.4457,8.3237,2,0,0,0,0,0
2020-04-07,6850,45.8708,8.9892,1,0,0,0,0,0
2020-04-07,1690,46.7175,6.9506,2,0,0,0,0,0
2020-04-07,2034,46.9873,6.8886,1,0,0,0,0,0
2020-04-07,2925,47.4794,7.0284,1,0,0,0,0,0
2020-04-07,1720,46.8077,7.0903,1,0,0,0,0,0
2020-04-07,2825,47.3473,7.4514,4,0,0,0,0,0
2020-04-07,2826,47.3481,7.478,1,0,0,0,0,0
2020-04-07,1977,46.2907,7.4385,1,0,0,0,0,0
2020-04-07,2905,47.4087,7.0425,1,0,0,0,0,0
2020-04-07,8344,47.3375,8.8558,1,0,0,0,0,1
2020-04-07,1425,46.8385,6.6861,3,0,0,0,0,0
2020-04-07,1058,46.627,6.7044,3,0,0,0,0,0
2020-04-07,3904,46.3267,7.9838,2,1,0,0,0,0
2020-04-07,1321,46.6932,6.5192,4,1,0,0,0,0
2020-04-07,8604,47.3891,8.6914,0,0,0,0,0,1
2020-04-07,1962,46.2263,7.3188,1,0,0,0,0,0
2020-04-07,8964,47.3683,8.3792,2,0,0,0,0,1
2020-04-07,1824,46.4327,6.9386,1,0,0,0,0,0
2020-04-07,3047,46.9785,7.4343,1,0,0,0,0,0
2020-04-07,4444,47.4258,7.8535,1,1,0,0,0,0
2020-04-07,1975,46.2387,7.3029,1,0,0,0,0,0
2020-04-07,3007,46.9392,7.4346,4,0,0,0,0,2
2020-04-07,2058,47.0984,6.9868,1,0,0,0,0,0
2020-04-07,8304,47.4127,8.5918,2,0,0,0,0,0
2020-04-07,6315,47.1269,8.6278,2,0,0,0,0,0
2020-04-07,3932,46.2581,7.9008,0,0,0,0,0,1
2020-04-07,5000,47.389,8.0487,2,0,0,0,0,0
2020-04-07,5408,47.4806,8.324,2,0,0,0,0,0
2020-04-07,1817,46.4576,6.9014,1,1,0,0,0,0
2020-04-07,5405,47.4544,8.2859,1,0,0,0,0,0
2020-04-07,1432,46.7468,6.6297,3,0,0,0,0,1
2020-04-07,1424,46.8305,6.6582,3,0,0,0,0,1
2020-04-07,8810,47.2595,8.5974,1,0,0,0,0,1
2020-04-07,5034,47.3732,8.0761,2,0,0,0,0,0
2020-04-07,9010,47.4422,9.3717,1,0,0,0,0,0
2020-04-07,8002,47.3605,8.5315,5,0,0,0,0,1
2020-04-07,6512,46.1739,9.0034,1,0,0,0,0,0
2020-04-07,1853,46.3309,6.9609,3,0,0,0,0,0
2020-04-07,3626,46.7452,7.6513,1,0,0,0,0,0
2020-04-07,3603,46.762,7.6001,1,0,0,0,0,0
2020-04-07,7270,46.7933,9.8221,1,0,0,0,0,0
2020-04-07,3925,46.1953,7.8384,1,0,0,0,0,0
2020-04-07,6855,45.8507,8.9385,2,0,0,0,0,0
2020-04-07,6205,47.153,8.1696,1,0,0,0,0,0
2020-04-07,6500,46.197,9.0355,1,0,0,0,0,0
2020-04-07,6573,46.1476,8.8568,1,0,0,0,0,0
2020-04-07,1912,46.1885,7.1963,4,0,0,0,0,0
2020-04-07,4663,47.3208,7.8993,2,0,0,0,0,0
2020-04-07,1721,46.858,7.0822,2,0,0,0,0,0
2020-04-07,9008,47.4418,9.3919,1,0,0,0,0,0
2020-04-07,9403,47.4734,9.4648,0,0,0,1,0,0
2020-04-07,5242,47.4401,8.2017,1,0,0,0,0,0
2020-04-07,8834,47.1744,8.7127,0,0,0,0,0,1
2020-04-07,3005,46.9394,7.4499,1,0,0,0,0,0
2020-04-07,1738,46.7131,7.3534,1,0,0,0,0,0
2020-04-07,1929,46.056,6.9947,1,0,0,0,0,0
2020-04-07,1753,46.7864,7.0963,5,0,0,0,0,0
2020-04-07,2560,47.125,7.2406,2,0,0,0,0,1
2020-04-07,8212,47.6759,8.6126,2,0,0,0,0,0
2020-04-07,1984,46.0895,7.506,2,0,0,0,0,0
2020-04-07,8424,47.5012,8.5952,0,0,0,0,0,1
2020-04-07,2740,47.2805,7.3722,4,0,0,0,0,0
2020-04-07,8703,47.3023,8.5916,1,0,0,0,0,0
2020-04-07,1795,46.8912,7.1111,2,0,0,0,0,1
2020-04-07,4054,47.5505,7.5689,3,0,0,0,0,1
2020-04-07,4103,47.5258,7.5745,2,0,0,0,0,0
2020-04-07,4058,47.5677,7.6135,2,0,0,0,0,1
2020-04-07,3014,46.9622,7.4584,2,0,0,0,0,0
2020-04-07,1264,46.4479,6.1588,4,0,0,0,0,0
2020-04-07,3999,46.5346,8.3484,0,1,0,0,0,0
2020-04-07,2052,47.0643,6.8785,2,0,0,0,0,0
2020-04-07,1913,46.1809,7.1533,2,0,0,0,0,0
2020-04-07,8108,47.4399,8.4394,2,0,0,0,0,0
2020-04-07,4104,47.5137,7.554,3,0,0,0,0,0
2020-04-07,8910,47.2792,8.4489,1,0,0,0,0,0
2020-04-07,3600,46.7555,7.6237,0,0,0,0,0,1
2020-04-07,3550,46.9419,7.7851,0,0,0,0,0,1
2020-04-07,3032,46.9679,7.3775,2,0,0,0,0,0
2020-04-07,6946,46.0931,9.0076,1,0,0,0,0,0
2020-04-07,2743,47.2756,7.3988,1,0,0,0,0,0
2020-04-07,6375,46.9651,8.4687,0,0,0,0,0,1
2020-04-07,3902,46.3108,7.9781,1,0,0,0,0,0
2020-04-07,8553,47.5762,8.9891,1,0,0,0,0,0
2020-04-07,4132,47.521,7.6545,1,0,0,0,0,0
2020-04-07,8165,47.5006,8.4052,3,0,0,0,0,0
2020-04-07,8127,47.3254,8.6482,3,0,0,0,0,0
2020-04-07,5033,47.3892,8.0713,0,0,1,0,0,0
2020-04-07,3183,46.8518,7.3191,1,0,0,0,0,0
2020-04-07,6600,46.1743,8.7898,1,0,0,0,0,1
2020-04-07,8184,47.5036,8.5464,1,0,0,0,0,0
2020-04-07,8580,47.5505,9.2908,1,0,0,0,0,0
2020-04-07,5313,47.5809,8.2498,1,0,0,0,0,0
2020-04-07,8260,47.6589,8.8602,4,0,0,0,0,0
2020-04-07,6317,47.1478,8.5071,1,0,0,0,0,0
2020-04-07,6942,46.0238,8.9515,1,0,0,0,0,0
2020-04-07,5737,47.2395,8.1864,1,0,0,0,0,0
2020-04-07,3097,46.9297,7.4158,5,0,0,0,0,0
2020-04-07,4934,47.1674,7.7994,1,0,0,0,0,0
2020-04-07,1958,46.2533,7.4161,1,0,0,0,0,0
2020-04-07,9493,47.2203,9.5438,0,0,1,0,0,0
2020-04-07,3122,46.9126,7.4735,1,0,0,0,0,0
2020-04-07,8623,47.3323,8.8214,0,1,0,0,0,0
2020-04-07,1463,46.7845,6.7652,1,0,0,0,0,0
2020-04-07,1462,46.7982,6.7451,4,1,0,0,0,0
2020-04-07,1718,46.7683,7.2408,1,0,0,0,0,0
2020-04-07,6067,46.8339,8.2928,1,0,0,0,0,0
2020-04-07,6015,47.0637,8.2779,0,1,0,0,0,0
2020-04-07,4313,47.5617,7.8434,0,0,0,0,0,1
2020-04-07,3294,47.1393,7.3577,1,0,0,0,0,0
2020-04-07,1084,46.6048,6.7752,5,1,0,0,0,1
2020-04-07,3184,46.8746,7.2752,0,1,0,0,0,0
2020-04-07,3400,47.0565,7.6247,0,0,0,0,0,1
2020-04-07,9436,47.4074,9.6063,1,0,0,0,0,1
2020-04-07,9043,47.4083,9.4654,2,0,0,0,0,0
2020-04-07,8854,47.1792,8.8857,2,0,0,0,0,0
2020-04-07,4450,47.4708,7.816,0,0,0,0,0,1
2020-04-07,4153,47.4927,7.5905,1,0,0,0,0,0
2020-04-07,1270,46.4132,6.2039,1,0,0,0,0,0
2020-04-07,9306,47.4863,9.3973,1,0,0,0,0,0
2020-04-07,8041,47.3361,8.5157,1,0,0,0,0,0
2020-04-07,2502,47.142,7.2457,3,0,0,0,0,1
2020-04-07,8172,47.4875,8.5035,1,0,0,0,0,0
2020-04-07,5507,47.4182,8.2814,1,0,0,0,0,0
2020-04-07,8606,47.3676,8.6852,2,0,0,0,0,0
2020-04-07,5300,47.4907,8.2537,1,0,0,0,0,0
2020-04-07,5200,47.4851,8.2069,1,0,0,0,0,0
2020-04-07,3770,46.552,7.3718,0,0,0,0,0,1
2020-04-07,3067,46.9535,7.5476,0,0,0,0,0,1
2020-04-07,9320,47.5164,9.4175,1,0,0,0,0,0
2020-04-07,6312,47.196,8.4852,1,0,0,0,0,0
2020-04-07,5604,47.3859,8.217,1,0,0,0,0,0
2020-04-07,8965,47.3516,8.3768,1,0,0,0,0,0
2020-04-07,8355,47.4914,8.8977,1,0,0,0,0,0
2020-04-07,8311,47.4741,8.6742,1,0,0,0,0,0
2020-04-07,6006,47.053,8.3444,1,0,0,0,0,0
2020-04-07,3084,46.9286,7.4495,1,0,0,0,0,0
2020-04-07,1991,46.2112,7.3514,0,0,0,0,0,1
2020-04-07,1957,46.2104,7.2526,2,0,0,0,0,0
2020-04-07,2923,47.4587,7.0456,2,0,0,0,0,0
2020-04-07,1166,46.4676,6.3654,3,0,0,0,0,0
2020-04-07,8835,47.1877,8.7478,1,0,0,0,0,0
2020-04-07,1085,46.6217,6.7967,2,0,0,0,0,0
2020-04-07,1421,46.8369,6.6128,0,0,1,0,0,1
2020-04-07,1865,46.3498,7.1572,3,0,0,0,0,0
2020-04-07,1344,46.6501,6.3196,0,0,0,0,0,1
2020-04-07,1263,46.3743,6.1638,1,0,0,0,0,0
2020-04-07,1418,46.6872,6.6482,1,0,0,0,0,0
2020-04-07,1833,46.4531,6.9428,1,0,0,0,0,0
2020-04-07,1175,46.5005,6.4047,4,0,0,0,0,0
2020-04-07,1434,46.7451,6.6085,2,0,0,0,0,0
2020-04-07,1186,46.4931,6.3179,1,0,0,0,0,0
2020-04-07,2340,47.2265,6.9575,1,0,0,0,0,0
2020-04-07,2926,47.4964,7.0132,2,0,0,0,0,0
2020-04-07,2853,47.3326,7.2763,2,0,0,0,0,0
2020-04-07,2503,47.1317,7.2586,1,0,0,0,0,0
2020-04-07,1408,46.7353,6.7402,1,0,0,0,0,0
2020-04-07,2718,47.2792,7.1492,1,0,0,0,0,0
2020-04-07,1891,46.2105,6.9884,1,0,0,0,0,0
2020-04-07,1536,46.7494,6.8092,1,0,0,0,0,0
2020-04-07,3968,46.3024,7.537,1,0,0,0,0,0
2020-04-07,6926,45.9821,8.9172,1,0,0,0,0,0
2020-04-07,1659,46.4855,7.1944,2,1,0,0,0,0
2020-04-07,2053,47.0615,6.9046,1,0,0,0,0,0
2020-04-07,1996,46.1875,7.3019,0,0,1,0,0,0
2020-04-07,1786,46.9619,7.1128,1,0,0,0,0,0
2020-04-07,1272,46.4347,6.2179,3,0,0,0,0,0
2020-04-07,1863,46.3618,7.0517,2,0,0,0,0,0
2020-04-07,3919,46.4204,7.8194,1,0,0,0,0,0
2020-04-07,1526,46.7265,6.8327,2,0,0,0,0,0
2020-04-07,1078,46.5624,6.7891,1,0,0,0,0,0
2020-04-07,1346,46.6222,6.2743,1,0,1,0,0,0
2020-04-07,1298,46.349,6.1852,1,0,0,0,0,0
2020-04-07,3973,46.3077,7.532,1,0,0,0,0,0
2020-04-07,1660,46.4447,7.1226,2,0,0,0,0,0
2020-04-07,3185,46.8563,7.2495,1,0,0,0,0,0
2020-04-07,4302,47.5325,7.72,1,0,0,0,0,0
2020-04-07,2535,47.1695,7.2574,1,0,0,0,0,0
2020-04-07,3965,46.2806,7.5402,1,0,0,0,0,0
2020-04-07,2314,47.0394,6.7997,1,0,0,0,0,0
2020-04-07,3967,46.2575,7.5331,1,0,0,0,0,0
2020-04-07,1856,46.3502,6.9625,2,0,0,0,0,0
2020-04-07,1046,46.6934,6.6919,1,0,0,0,0,0
2020-04-07,3436,46.9758,7.7413,0,0,0,0,1,0
2020-04-07,1352,46.7183,6.5068,1,0,0,0,0,0
2020-04-07,1875,46.2372,6.8575,1,0,0,0,0,0
2020-04-07,2318,46.9792,6.746,1,0,0,0,0,0
2020-04-07,2024,46.8956,6.7736,1,0,0,0,0,0
2020-04-07,1727,46.7431,7.0896,1,0,0,0,0,0
2020-04-07,1195,46.4339,6.2995,1,0,0,0,0,1
2020-04-07,2710,47.2215,7.1974,1,0,0,0,0,0
2020-04-07,3954,46.3794,7.6293,1,0,0,0,0,0
2020-04-07,1869,46.2426,6.9896,1,0,0,0,0,0
2020-04-07,1911,46.2026,7.1769,2,0,0,0,0,0
2020-04-07,8603,47.3798,8.6521,1,0,0,0,0,0
2020-04-07,1275,46.4007,6.1751,1,0,0,0,0,0
2020-04-07,1123,46.5677,6.5098,0,0,0,0,0,1
2020-04-07,1678,46.6579,6.8801,1,0,0,0,0,0
2020-04-07,1316,46.6423,6.477,2,0,0,0,0,0
2020-04-07,2406,46.9721,6.5901,1,0,0,0,0,0
2020-04-07,5605,47.3837,8.241,0,0,1,0,0,0
2020-04-07,1509,46.6225,6.7739,1,0,0,0,0,0
2020-04-07,1141,46.5759,6.438,1,0,0,0,0,0
2020-04-07,1789,46.9503,7.0702,1,0,0,0,0,0
2020-04-07,1946,45.9496,7.2126,0,0,0,0,0,1
2020-04-07,1658,46.4676,7.0653,2,0,0,0,0,0
2020-04-07,1439,46.7612,6.5309,1,0,0,0,0,0
2020-04-07,3210,46.9761,7.1964,1,0,0,0,0,0
2020-04-07,2563,47.1173,7.2352,1,0,0,0,0,0
2020-04-07,1735,46.7611,7.2104,1,0,0,0,0,0
2020-04-07,1375,46.682,6.6035,2,0,0,0,1,0
2020-04-07,2400,47.048,6.7258,1,0,0,0,0,0
2020-04-07,1265,46.4637,6.0754,0,0,0,0,0,1
2020-04-07,2732,47.2413,7.2225,1,0,0,0,0,0
2020-04-07,1961,46.2102,7.438,1,0,0,0,0,0
2020-04-07,4553,47.1967,7.6228,1,0,0,0,0,0
2020-04-07,8915,47.2424,8.5349,1,0,0,0,0,0
2020-04-07,2126,46.9051,6.479,1,0,0,0,0,0
2020-04-07,1535,46.7619,6.8182,1,0,0,0,0,0
2020-04-07,1714,46.8299,7.2987,1,0,0,0,0,0
2020-04-07,5314,47.5692,8.2465,1,0,0,0,0,0
2020-04-07,3027,46.9558,7.3873,1,0,0,0,0,0
2020-04-07,1787,46.946,7.0688,1,0,0,0,0,0
2020-04-07,2067,47.0284,6.9565,1,0,0,0,0,0
2020-04-07,1415,46.7536,6.7525,1,0,0,0,0,0
2020-04-07,1892,46.211,7.0246,1,0,0,0,0,0
2020-04-07,2615,47.1305,6.9556,1,0,0,0,0,0
2020-04-07,8908,47.2979,8.4503,1,0,0,0,0,0
2020-04-07,9500,47.4537,9.0515,1,0,0,0,0,0
2020-04-07,8808,47.2004,8.778,1,0,0,0,0,0
2020-04-07,1355,46.7526,6.4946,1,0,0,0,0,0
2020-04-07,1987,46.1805,7.4045,1,0,0,0,0,0
2020-04-07,8153,47.4517,8.5327,1,0,0,0,0,0
2020-04-07,5032,47.402,8.0853,0,1,0,0,0,0
2020-04-07,1353,46.7031,6.4989,1,0,0,0,0,0
2020-04-07,8707,47.2618,8.6769,1,0,0,0,0,0
2020-04-07,8132,47.3033,8.6878,1,0,0,0,0,0
2020-04-07,8942,47.277,8.5767,1,0,0,0,0,0
2020-04-07,3065,46.975,7.4963,1,0,0,0,0,0
2020-04-07,9430,47.4539,9.6259,0,0,0,0,0,1
2020-04-07,3236,47.0146,7.0592,1,0,0,0,0,0
2020-04-07,9100,47.3859,9.2795,1,0,0,0,0,0
2020-04-07,3705,46.6761,7.7026,1,0,0,0,0,0
2020-04-07,6928,46.0345,8.9187,1,0,0,0,0,0
2020-04-07,8570,47.5681,9.1113,2,0,0,0,0,0
2020-04-07,4528,47.2044,7.5625,1,0,0,0,0,0
2020-04-07,3074,46.9284,7.4885,0,0,0,0,0,1
2020-04-07,8735,47.2522,8.9792,1,0,0,0,0,0
2020-04-07,5504,47.4021,8.2101,1,0,0,0,0,0
2020-04-07,9016,47.4415,9.4141,2,0,0,0,0,0
2020-04-07,8306,47.4232,8.6297,1,0,0,0,0,0
2020-04-07,8877,47.1129,9.216,0,0,0,0,0,1
2020-04-07,8919,47.3144,8.3659,1,0,0,0,0,0
2020-04-07,4123,47.5506,7.5356,1,0,0,0,0,0
2020-04-07,1611,46.6089,6.9101,0,0,0,0,0,1
2020-04-07,9323,47.5026,9.4402,1,0,0,0,0,0
2020-04-07,6203,47.1146,8.193,1,0,0,0,0,0
2020-04-07,8303,47.4443,8.6278,1,0,0,0,0,0
2020-04-07,8457,47.5756,8.6696,1,0,0,0,0,0
2020-04-07,1928,46.0972,7.046,1,0,0,0,0,0
2020-04-07,8280,47.6447,9.1732,1,0,0,0,0,0
2020-04-07,6130,47.1199,7.9897,1,0,0,0,0,0
2020-04-07,8458,47.5717,8.648,1,0,0,0,0,0
2020-04-07,2605,47.1951,7.1686,1,0,0,0,0,0
2020-04-07,6576,46.1231,8.7853,1,0,0,0,0,0
2020-04-07,3665,46.7705,7.5049,0,0,0,0,0,1
